132.824000 30.754400
132.568319 31.002844
132.322425 31.211633
132.107530 31.410818
131.889634 31.608569
131.717290 31.760237
131.439206 31.834671
131.128724 31.912668
130.991499 31.622859
130.852507 31.336699
130.705339 31.026011
130.541819 30.752114
130.378299 30.523186
130.210690 30.310610
130.026730 30.102121
129.855034 29.905897
129.703778 29.562505
129.527994 29.284520
129.315417 29.039240
129.730641 28.718717
130.150987 28.390847
130.453636 28.163860
130.764692 27.970501
131.008493 28.197488
131.253187 28.414691
131.479280 28.811193
131.709635 29.237751
131.966881 29.618257
132.232560 30.010013
132.546958 30.400101
