129.669219 26.570057
129.431957 26.819480
129.233663 27.042561
129.010582 27.282167
128.812288 27.496985
128.605731 27.703542
128.440486 27.901836
128.250454 28.108393
127.969350 27.852334
127.705784 27.552414
127.451306 27.270671
127.196829 26.961663
126.951440 26.752628
126.678785 26.543592
126.306157 26.325469
125.988060 26.098257
125.697229 25.916487
125.333689 25.698363
125.015592 25.489328
124.706584 25.271205
124.424841 25.071258
124.461195 24.825869
124.524814 24.562303
124.570256 24.289648
124.615699 23.998817
124.679318 23.698897
124.730746 23.411937
125.091368 23.400519
125.633609 23.480773
126.125618 23.594746
126.497015 23.844312
126.833289 24.089701
127.200251 24.345569
127.596722 24.689541
127.918610 24.979507
128.314712 25.280293
128.643741 25.600289
129.014526 25.907399
129.382969 26.212710
