138.441162 35.559776
138.200000 35.350000
138.000000 35.200000
137.800000 35.085000
137.500000 35.020000
137.100000 35.010000
136.900000 35.050000
136.730000 34.950000
136.600000 34.650000
136.450000 34.200000
136.350000 33.850000
136.300000 33.550000
136.350000 33.250000
136.779000 32.954200
137.072224 33.062003
137.308701 33.230072
137.592330 33.356489
137.847472 33.530805
138.086035 33.719012
138.327724 33.895610
138.484017 34.085867
138.483129 34.307243
138.577802 34.562761
138.620987 34.832977
138.642000 35.106100
138.487390 35.248942
138.451376 35.429421
