141.883000 34.212700
142.120000 34.830000
142.340000 35.400000
142.539427 35.926512
142.870000 36.320000
143.290000 36.860000
143.609750 37.250333
143.810000 37.870000
143.990000 38.460000
144.140604 38.981194
144.250000 39.580000
144.360000 40.200000
144.461120 40.773660
144.043379 41.224357
143.443646 41.738414
143.036685 42.316727
142.697540 42.808305
142.237131 42.484310
141.810822 42.211473
141.520932 42.023897
141.401566 41.478221
141.374612 40.937184
141.310387 40.335073
141.238133 39.684794
141.141796 39.138881
141.037430 38.657192
140.892923 38.199588
140.676164 37.653675
140.411236 37.155930
140.023846 36.573932
140.286737 36.433882
140.485896 36.211451
140.740819 35.956067
140.947945 35.824256
141.202869 35.667730
141.354230 35.437060
141.521523 35.173438
141.672884 34.852148
141.784413 34.563811
