132.824000 30.754400
132.568319 31.002844
132.322425 31.211633
132.107530 31.410818
131.889634 31.608569
131.717290 31.760237
131.439206 31.834671
131.226958 31.890257
131.118216 31.643472
130.966361 31.396707
130.781287 31.126214
130.600958 30.841485
130.449103 30.604210
130.243463 30.307624
130.041697 30.055417
129.848338 29.820023
129.646572 29.576223
129.436399 29.324015
129.234633 29.105435
128.969271 28.794160
128.688354 28.521506
128.498322 28.331474
128.250454 28.108393
128.440486 27.901836
128.605731 27.703542
128.812288 27.496985
129.010582 27.282167
129.233663 27.042561
129.431957 26.819480
129.669219 26.570057
129.960742 26.902103
130.167298 27.216069
130.365592 27.472199
130.537613 27.773685
130.764692 27.970501
131.008493 28.197488
131.253187 28.414691
131.479280 28.811193
131.709635 29.237751
131.966881 29.618257
132.232560 30.010013
132.546958 30.400101
