144.982390 41.171590
145.569683 41.602876
146.115016 42.027286
146.779507 42.400754
147.449021 42.745782
148.095585 43.084267
148.729320 43.381928
149.387088 43.737738
150.115045 44.080193
150.749607 44.395449
150.455961 44.902209
150.150569 45.408970
149.944794 45.877731
149.501433 45.621945
148.938705 45.315003
148.495343 44.854589
148.051982 44.445332
147.421045 44.206599
146.738950 44.070180
146.125065 43.831447
145.528232 43.558609
144.931400 43.302824
144.334567 43.098196
143.703630 42.944724
143.072692 42.910620
142.697540 42.808305
143.036685 42.316727
143.443646 41.738414
144.043379 41.224357
144.461120 40.773660
