138.314246 35.826301
138.026525 35.702743
137.750101 35.635173
137.473677 35.641316
137.181896 35.708886
136.936186 35.801027
136.715046 35.893169
136.472408 35.957668
136.303482 36.062095
136.174484 36.092808
135.916488 35.960739
135.762919 35.828670
135.679992 35.632102
135.618564 35.395605
135.547922 35.149895
135.514137 34.974826
135.557137 34.778258
135.640064 34.658474
135.584779 34.431192
135.409710 34.354408
135.203928 34.339051
135.151715 34.624689
135.056502 34.778258
134.829220 34.925684
134.568153 34.959470
134.270229 34.977898
133.956948 34.974826
133.599000 34.823675
133.180032 34.807352
132.810035 34.687647
132.467244 34.627794
132.184305 34.464560
132.031953 34.197945
131.934012 33.893241
131.885042 33.588537
131.754455 33.207658
131.634750 32.962807
131.515045 32.679868
131.373575 32.445899
131.242988 32.184725
131.128724 31.912668
131.439206 31.834671
131.717290 31.760237
131.889634 31.608569
132.107530 31.410818
132.322425 31.211633
132.568319 31.002844
132.824000 30.754400
132.902806 31.034987
133.035121 31.102386
133.263259 31.322388
133.387000 31.553500
133.655840 31.689286
133.905723 31.833692
134.126687 31.959162
134.348578 32.096855
134.586050 32.188843
134.820578 32.301442
135.010961 32.458719
135.199000 32.624000
135.487550 32.653948
135.787922 32.688894
136.050270 32.745821
136.299633 32.803317
136.549827 32.866404
136.779000 32.954200
136.350000 33.250000
136.300000 33.550000
136.350000 33.850000
136.450000 34.200000
136.600000 34.650000
136.730000 34.950000
136.900000 35.050000
137.100000 35.010000
137.500000 35.020000
137.800000 35.085000
138.000000 35.200000
138.200000 35.350000
138.441162 35.559776
138.404551 35.730771
