142.288514 30.545359
142.235935 30.942721
142.179777 31.347760
142.130000 31.730000
142.091528 32.054737
142.034438 32.337184
142.019325 32.702799
142.006957 33.059370
141.987235 33.417141
141.931077 33.807451
141.883000 34.212700
141.407766 34.364671
140.901336 34.517400
140.403744 34.637873
139.872122 34.727889
139.985143 34.248304
140.119717 33.836664
140.183047 33.432940
140.285957 33.029217
140.404699 32.680906
140.499693 32.229685
140.578854 31.778465
140.642183 31.382657
140.650099 31.018514
140.760926 30.670204
140.871752 30.424803
141.338805 30.472300
141.908768 30.519797
