138.642000 35.106000 -0.172356
138.642000 35.100000 -0.312690
138.643000 35.092000 -0.478536
138.643000 35.084000 -0.602719
138.643000 35.078000 -0.686290
138.644000 35.072000 -0.763874
138.644000 35.067000 -0.828472
138.645000 35.061000 -0.907360
138.645000 35.055000 -0.986770
138.646000 35.047000 -1.087309
138.646000 35.042000 -1.147447
138.647000 35.033000 -1.244826
138.647000 35.027000 -1.296645
138.648000 35.018000 -1.347378
138.648000 35.013000 -1.369791
138.647000 35.006000 -1.393775
138.647000 35.001000 -1.410691
138.648000 34.996000 -1.426619
138.648000 34.991000 -1.440357
138.648000 34.983000 -1.460702
138.647000 34.975000 -1.476508
138.647000 34.966000 -1.478969
138.646000 34.958000 -1.489005
138.646000 34.951000 -1.500689
138.643000 34.942000 -1.528814
138.641000 34.934000 -1.552981
138.639000 34.924000 -1.569946
138.640000 34.916000 -1.585708
138.640000 34.908000 -1.591684
138.639000 34.902000 -1.593875
138.639000 34.895000 -1.607468
138.638000 34.888000 -1.608361
138.639000 34.880000 -1.632155
138.638000 34.872000 -1.587387
138.634000 34.864000 -1.531735
138.631000 34.857000 -1.542492
138.628000 34.851000 -1.577601
138.625000 34.845000 -1.604550
138.623000 34.838000 -1.624426
138.622000 34.833000 -1.636851
138.622000 34.828000 -1.644979
138.622000 34.823000 -1.651772
138.621000 34.816000 -1.667697
138.622000 34.809000 -1.681506
138.623000 34.803000 -1.690476
138.623000 34.795000 -1.712944
138.622000 34.791000 -1.727114
138.621000 34.781000 -1.738315
138.618000 34.774000 -1.724876
138.615000 34.768000 -1.655256
138.611000 34.762000 -1.530369
138.606000 34.754000 -1.498767
138.603000 34.747000 -1.528569
138.598000 34.739000 -1.596605
138.594000 34.732000 -1.734048
138.591000 34.724000 -1.909957
138.589000 34.716000 -1.985327
138.588000 34.707000 -2.024206
138.588000 34.698000 -2.064291
138.588000 34.690000 -2.099545
138.587000 34.681000 -2.148485
138.587000 34.673000 -2.172750
138.587000 34.663000 -2.218054
138.588000 34.656000 -2.263942
138.587000 34.645000 -2.269007
138.587000 34.634000 -2.298879
138.586000 34.626000 -2.321216
138.587000 34.614000 -2.291778
138.586000 34.604000 -2.304118
138.585000 34.594000 -2.366150
138.581000 34.586000 -2.472122
138.579000 34.576000 -2.530879
138.578000 34.565000 -2.555646
138.576000 34.553000 -2.587906
138.575000 34.541000 -2.619780
138.574000 34.528000 -2.649087
138.573000 34.513000 -2.688222
138.570000 34.497000 -2.717395
138.571000 34.480000 -2.738455
138.566000 34.464000 -2.745860
138.565000 34.451000 -2.759856
138.562000 34.439000 -2.784365
138.557000 34.425000 -2.800550
138.552000 34.412000 -2.815253
138.546000 34.405000 -2.833765
138.539000 34.393000 -2.827789
138.530000 34.384000 -2.829006
138.521000 34.378000 -2.831041
138.512000 34.367000 -2.830295
138.503000 34.358000 -2.852525
138.497000 34.346000 -2.854555
138.489000 34.334000 -2.865800
138.485000 34.322000 -2.889088
138.483000 34.313000 -2.975969
138.483000 34.301000 -3.168657
138.483000 34.291000 -3.179381
138.485000 34.281000 -3.282006
138.488000 34.272000 -3.366004
138.490000 34.263000 -3.418593
138.490000 34.253000 -3.487414
138.493000 34.242000 -3.530202
138.494000 34.229000 -3.550915
138.494000 34.217000 -3.574945
138.494000 34.206000 -3.590558
138.494000 34.192000 -3.607321
138.494000 34.184000 -3.613975
138.495000 34.172000 -3.620911
138.494000 34.160000 -3.632866
138.493000 34.145000 -3.643008
138.490000 34.128000 -3.651545
138.489000 34.113000 -3.658588
138.486000 34.095000 -3.669501
138.483000 34.082000 -3.672631
138.478000 34.068000 -3.674402
138.475000 34.056000 -3.677060
138.468000 34.040000 -3.683748
138.460000 34.026000 -3.696526
138.453000 34.016000 -3.706407
138.448000 34.008000 -3.711718
138.443000 34.002000 -3.714128
138.438000 33.994000 -3.716976
138.432000 33.988000 -3.715849
138.426000 33.982000 -3.721329
138.420000 33.976000 -3.725279
138.413000 33.969000 -3.723029
138.404000 33.959000 -3.723178
138.393000 33.950000 -3.721830
138.384000 33.941000 -3.718680
138.375000 33.934000 -3.716560
138.368000 33.927000 -3.712410
138.359000 33.921000 -3.708345
138.353000 33.915000 -3.711515
138.344000 33.907000 -3.714964
138.337000 33.902000 -3.711257
138.328000 33.896000 -3.708754
138.319000 33.889000 -3.717820
138.310000 33.883000 -3.736638
138.301000 33.877000 -3.756206
138.293000 33.871000 -3.769896
138.285000 33.867000 -3.773348
138.279000 33.861000 -3.773536
138.270000 33.856000 -3.782749
138.262000 33.849000 -3.785723
138.252000 33.843000 -3.785378
138.244000 33.836000 -3.786838
138.235000 33.830000 -3.794860
138.228000 33.825000 -3.794530
138.218000 33.820000 -3.795720
138.209000 33.814000 -3.806586
138.199000 33.808000 -3.801380
138.190000 33.804000 -3.802844
138.180000 33.798000 -3.801632
138.171000 33.795000 -3.802965
138.161000 33.788000 -3.765908
138.153000 33.783000 -3.774163
138.142000 33.776000 -3.799236
138.132000 33.768000 -3.799917
138.122000 33.761000 -3.777088
138.114000 33.753000 -3.757124
138.108000 33.746000 -3.748822
138.100000 33.735000 -3.743850
138.090000 33.724000 -3.814178
138.082000 33.714000 -3.892609
138.074000 33.706000 -3.897833
138.065000 33.695000 -3.881706
138.058000 33.687000 -3.879502
138.052000 33.681000 -3.870622
138.044000 33.673000 -3.913592
138.038000 33.667000 -3.944442
138.032000 33.661000 -3.963494
138.026000 33.655000 -3.949223
138.016000 33.648000 -3.937033
138.010000 33.644000 -3.941208
138.004000 33.639000 -3.946228
138.001000 33.636000 -3.951756
137.996000 33.632000 -3.960201
137.986000 33.626000 -3.974649
137.978000 33.620000 -3.986528
137.966000 33.610000 -4.003658
137.958000 33.606000 -4.024002
137.946000 33.599000 -4.001007
137.936000 33.593000 -3.988887
137.926000 33.586000 -4.003748
137.917000 33.579000 -4.015225
137.906000 33.570000 -4.011834
137.899000 33.565000 -4.010700
137.887000 33.559000 -4.011393
137.875000 33.551000 -4.021620
137.863000 33.544000 -4.022072
137.849000 33.531000 -4.052176
137.841000 33.521000 -4.062129
137.836000 33.512000 -4.060496
137.831000 33.503000 -4.055745
137.827000 33.493000 -4.057642
137.823000 33.484000 -4.055354
137.820000 33.478000 -4.043202
137.815000 33.469000 -4.016886
137.812000 33.460000 -4.003939
137.809000 33.452000 -4.007946
137.802000 33.443000 -4.016697
137.795000 33.434000 -4.027552
137.788000 33.428000 -4.033127
137.780000 33.420000 -4.038790
137.771000 33.414000 -4.040693
137.756000 33.406000 -4.068624
137.744000 33.402000 -4.079726
137.734000 33.400000 -4.083260
137.722000 33.398000 -4.084853
137.709000 33.394000 -4.098237
137.700000 33.391000 -4.098060
137.687000 33.391000 -4.097318
137.673000 33.389000 -4.101013
137.663000 33.388000 -4.104276
137.652000 33.385000 -4.103358
137.636000 33.381000 -4.106380
137.621000 33.375000 -4.106992
137.612000 33.370000 -4.107422
137.603000 33.364000 -4.102674
137.595000 33.358000 -4.098255
137.583000 33.349000 -4.097516
137.574000 33.339000 -4.094673
137.568000 33.330000 -4.098352
137.561000 33.320000 -4.121055
137.552000 33.311000 -4.105102
137.543000 33.304000 -4.105701
137.529000 33.299000 -4.074077
137.519000 33.298000 -4.038194
137.505000 33.295000 -4.059460
137.491000 33.293000 -4.137548
137.476000 33.290000 -4.120362
137.463000 33.287000 -4.141435
137.447000 33.282000 -4.129741
137.432000 33.275000 -4.109870
137.420000 33.269000 -4.114574
137.411000 33.265000 -4.155404
137.399000 33.258000 -4.173714
137.387000 33.249000 -4.208053
137.372000 33.241000 -4.220707
137.355000 33.235000 -4.210226
137.341000 33.234000 -4.215807
137.327000 33.236000 -4.235892
137.310000 33.232000 -4.239294
137.292000 33.225000 -4.208450
137.280000 33.217000 -4.196701
137.268000 33.211000 -4.210413
137.255000 33.207000 -4.243461
137.241000 33.204000 -4.265443
137.230000 33.200000 -4.269578
137.217000 33.199000 -4.277401
137.207000 33.197000 -4.283230
137.199000 33.195000 -4.292310
137.193000 33.194000 -4.295742
137.187000 33.189000 -4.294554
137.181000 33.183000 -4.267151
137.175000 33.176000 -4.256680
137.169000 33.168000 -4.249450
137.169000 33.168000 -4.249450
137.162000 33.162000 -4.324070
137.156000 33.155000 -4.311370
137.151000 33.148000 -4.312968
137.146000 33.138000 -4.323661
137.139000 33.130000 -4.325131
137.130000 33.116000 -4.331178
137.125000 33.106000 -4.330770
137.118000 33.098000 -4.326850
137.113000 33.091000 -4.320217
137.104000 33.081000 -4.314385
137.095000 33.074000 -4.320251
137.085000 33.067000 -4.317410
137.074000 33.063000 -4.327894
137.060000 33.057000 -4.334040
137.050000 33.055000 -4.340076
137.041000 33.053000 -4.342548
137.031000 33.052000 -4.348803
137.020000 33.051000 -4.354095
137.010000 33.049000 -4.353172
137.004000 33.047000 -4.355425
137.000000 33.047000 -4.356591
136.984000 33.042000 -4.359372
136.971000 33.037000 -4.367243
136.960000 33.031000 -4.352268
136.949000 33.026000 -4.346129
136.939000 33.022000 -4.344534
136.925000 33.017000 -4.348380
136.910000 33.014000 -4.355588
136.899000 33.010000 -4.361374
136.888000 33.008000 -4.375029
136.875000 33.005000 -4.388008
136.864000 33.001000 -4.397650
136.858000 33.001000 -4.402382
136.845000 32.993000 -4.402012
136.832000 32.986000 -4.425270
136.820000 32.979000 -4.415231
136.808000 32.972000 -4.385152
136.796000 32.965000 -4.392156
136.788000 32.960000 -4.412886
136.779000 32.954000 -4.422863
136.769000 32.948000 -4.420546
136.757000 32.941000 -4.421814
136.744000 32.934000 -4.445442
136.732000 32.928000 -4.431151
136.719000 32.921000 -4.441740
136.705000 32.915000 -4.444908
136.690000 32.908000 -4.436550
136.676000 32.902000 -4.438239
136.658000 32.894000 -4.446900
136.641000 32.887000 -4.464594
136.621000 32.879000 -4.456023
136.601000 32.871000 -4.476049
136.585000 32.864000 -4.482392
136.570000 32.859000 -4.482296
136.555000 32.851000 -4.503406
136.526000 32.842000 -4.491827
136.503000 32.833000 -4.487464
136.483000 32.825000 -4.545160
136.462000 32.818000 -4.545173
136.439000 32.810000 -4.541206
136.414000 32.804000 -4.553709
136.398000 32.803000 -4.558412
136.382000 32.806000 -4.493551
136.366000 32.808000 -4.425164
136.345000 32.808000 -4.421004
136.329000 32.807000 -4.503926
136.311000 32.806000 -4.505634
136.287000 32.801000 -4.517501
136.263000 32.795000 -4.541714
136.246000 32.792000 -4.541698
136.235000 32.790000 -4.511040
136.227000 32.787000 -4.470702
136.217000 32.781000 -4.491914
136.211000 32.773000 -4.538697
136.202000 32.763000 -4.574571
136.193000 32.756000 -4.585436
136.181000 32.748000 -4.597660
136.164000 32.743000 -4.599237
136.149000 32.741000 -4.596759
136.138000 32.742000 -4.591664
136.123000 32.742000 -4.578960
136.105000 32.742000 -4.553153
136.092000 32.740000 -4.535682
136.075000 32.736000 -4.525673
136.064000 32.732000 -4.523128
136.053000 32.730000 -4.525985
136.043000 32.725000 -4.529070
136.034000 32.721000 -4.525710
136.023000 32.717000 -4.541154
136.013000 32.714000 -4.542939
136.005000 32.711000 -4.559611
135.995000 32.708000 -4.564703
135.981000 32.705000 -4.539711
135.966000 32.701000 -4.522132
135.953000 32.697000 -4.536104
135.940000 32.692000 -4.580550
135.927000 32.689000 -4.604101
135.911000 32.686000 -4.629069
135.901000 32.684000 -4.626456
135.890000 32.684000 -4.624290
135.879000 32.686000 -4.595918
135.866000 32.688000 -4.511841
135.852000 32.691000 -4.533965
135.840000 32.694000 -4.531294
135.827000 32.694000 -4.515994
135.816000 32.694000 -4.493552
135.802000 32.692000 -4.515225
135.789000 32.689000 -4.637036
135.773000 32.683000 -4.680225
135.761000 32.680000 -4.665147
135.751000 32.675000 -4.682350
135.739000 32.670000 -4.697668
135.726000 32.666000 -4.705964
135.714000 32.660000 -4.709774
135.702000 32.657000 -4.711744
135.686000 32.653000 -4.722124
135.669000 32.652000 -4.731842
135.647000 32.650000 -4.738287
135.625000 32.649000 -4.738380
135.599000 32.647000 -4.742996
135.578000 32.646000 -4.738663
135.557000 32.645000 -4.756098
135.539000 32.645000 -4.754741
135.509000 32.647000 -4.706682
135.484000 32.647000 -4.690286
135.464000 32.647000 -4.629668
135.447000 32.649000 -4.544128
135.431000 32.647000 -4.520099
135.417000 32.644000 -4.578845
135.410000 32.642000 -4.604652
135.406000 32.639000 -4.657130
135.398000 32.635000 -4.710948
135.389000 32.630000 -4.739599
135.381000 32.626000 -4.759827
135.369000 32.623000 -4.755259
135.357000 32.621000 -4.757304
135.345000 32.624000 -4.736243
135.337000 32.628000 -4.692044
135.324000 32.633000 -4.615540
135.314000 32.637000 -4.577967
135.301000 32.640000 -4.572704
135.293000 32.640000 -4.627412
135.282000 32.638000 -4.715042
135.275000 32.636000 -4.733701
135.267000 32.632000 -4.726739
135.257000 32.628000 -4.736849
135.249000 32.625000 -4.743110
135.236000 32.622000 -4.733062
135.222000 32.622000 -4.725816
135.211000 32.623000 -4.727447
135.199000 32.624000 -4.698025
135.186000 32.627000 -4.644833
135.182000 32.628000 -4.628328
135.171000 32.629000 -4.607682
135.159000 32.629000 -4.614344
135.150000 32.625000 -4.628000
135.144000 32.619000 -4.634373
135.139000 32.614000 -4.634181
135.133000 32.606000 -4.625001
135.127000 32.597000 -4.621352
135.120000 32.591000 -4.615799
135.114000 32.583000 -4.615695
135.109000 32.580000 -4.622557
135.106000 32.577000 -4.631484
135.097000 32.574000 -4.642809
135.090000 32.571000 -4.650293
135.079000 32.568000 -4.612387
135.069000 32.563000 -4.620867
135.054000 32.559000 -4.625784
135.042000 32.557000 -4.620671
135.033000 32.555000 -4.596430
135.022000 32.553000 -4.575698
135.011000 32.551000 -4.559823
135.003000 32.547000 -4.556462
134.999000 32.543000 -4.551766
134.990000 32.540000 -4.542600
134.983000 32.534000 -4.534300
134.978000 32.528000 -4.530742
134.974000 32.521000 -4.531088
134.972000 32.515000 -4.525387
134.970000 32.508000 -4.520511
134.969000 32.499000 -4.526275
134.970000 32.492000 -4.543470
134.972000 32.487000 -4.552887
134.975000 32.480000 -4.549849
134.980000 32.472000 -4.541250
134.983000 32.463000 -4.511469
134.985000 32.456000 -4.518624
134.985000 32.447000 -4.557704
134.980000 32.438000 -4.595754
134.976000 32.431000 -4.591388
134.972000 32.424000 -4.585498
134.967000 32.416000 -4.585143
134.960000 32.409000 -4.565152
134.955000 32.403000 -4.554475
134.948000 32.395000 -4.563209
134.939000 32.387000 -4.557212
134.933000 32.381000 -4.574750
134.924000 32.375000 -4.575020
134.914000 32.369000 -4.583952
134.905000 32.363000 -4.573322
134.891000 32.356000 -4.504382
134.878000 32.344000 -4.482148
134.866000 32.337000 -4.479692
134.853000 32.327000 -4.510773
134.841000 32.318000 -4.552580
134.828000 32.307000 -4.489601
134.818000 32.299000 -4.407924
134.805000 32.291000 -4.393122
134.785000 32.283000 -4.429396
134.769000 32.279000 -4.484836
134.756000 32.276000 -4.388027
134.743000 32.273000 -4.372287
134.726000 32.270000 -4.462291
134.703000 32.266000 -4.494973
134.690000 32.264000 -4.488254
134.681000 32.260000 -4.523750
134.677000 32.256000 -4.565865
134.669000 32.250000 -4.570410
134.660000 32.243000 -4.535942
134.650000 32.238000 -4.500124
134.640000 32.232000 -4.515018
134.633000 32.224000 -4.562884
134.628000 32.217000 -4.629002
134.622000 32.211000 -4.638328
134.617000 32.206000 -4.591705
134.611000 32.202000 -4.550194
134.603000 32.201000 -4.573770
134.592000 32.199000 -4.642754
134.579000 32.197000 -4.717699
134.572000 32.196000 -4.718230
134.560000 32.191000 -4.680126
134.546000 32.188000 -4.752957
134.539000 32.186000 -4.709483
134.528000 32.181000 -4.660836
134.515000 32.178000 -4.662078
134.502000 32.171000 -4.739127
134.493000 32.166000 -4.750526
134.482000 32.163000 -4.763750
134.467000 32.161000 -4.740324
134.452000 32.158000 -4.752963
134.439000 32.156000 -4.713166
134.428000 32.152000 -4.709557
134.417000 32.147000 -4.698735
134.405000 32.141000 -4.659825
134.390000 32.131000 -4.672990
134.382000 32.121000 -4.663572
134.372000 32.114000 -4.625606
134.362000 32.106000 -4.641484
134.352000 32.100000 -4.629690
134.345000 32.096000 -4.638758
134.337000 32.093000 -4.642680
134.328000 32.093000 -4.648770
134.320000 32.093000 -4.656548
134.309000 32.089000 -4.658253
134.309000 32.089000 -4.658253
134.299000 32.083000 -4.646681
134.287000 32.074000 -4.637037
134.277000 32.066000 -4.641529
134.269000 32.057000 -4.665277
134.264000 32.051000 -4.660607
134.259000 32.041000 -4.694848
134.256000 32.034000 -4.723530
134.253000 32.028000 -4.726614
134.246000 32.019000 -4.719267
134.240000 32.012000 -4.705717
134.234000 32.008000 -4.698407
134.231000 32.002000 -4.724608
134.226000 31.995000 -4.786464
134.220000 31.990000 -4.797792
134.213000 31.984000 -4.806659
134.206000 31.978000 -4.814692
134.198000 31.971000 -4.839118
134.189000 31.965000 -4.839542
134.177000 31.960000 -4.830490
134.167000 31.955000 -4.812182
134.159000 31.951000 -4.809724
134.148000 31.946000 -4.776875
134.138000 31.941000 -4.782783
134.127000 31.936000 -4.819486
134.118000 31.933000 -4.811569
134.105000 31.928000 -4.817913
134.095000 31.923000 -4.831371
134.082000 31.918000 -4.853964
134.072000 31.912000 -4.854562
134.060000 31.907000 -4.849780
134.046000 31.899000 -4.850066
134.036000 31.894000 -4.863192
134.026000 31.888000 -4.849366
134.017000 31.884000 -4.841294
134.005000 31.879000 -4.852652
133.990000 31.869000 -4.847160
133.981000 31.864000 -4.857378
133.964000 31.859000 -4.849612
133.947000 31.852000 -4.849918
133.932000 31.847000 -4.850941
133.916000 31.840000 -4.840376
133.902000 31.833000 -4.840484
133.890000 31.826000 -4.852294
133.878000 31.819000 -4.847471
133.863000 31.810000 -4.848091
133.846000 31.799000 -4.857609
133.830000 31.789000 -4.861145
133.819000 31.783000 -4.855802
133.803000 31.776000 -4.838006
133.787000 31.768000 -4.845030
133.770000 31.760000 -4.886519
133.752000 31.751000 -4.856448
133.733000 31.740000 -4.849382
133.713000 31.730000 -4.853487
133.697000 31.721000 -4.856252
133.681000 31.713000 -4.853518
133.669000 31.704000 -4.857234
133.656000 31.698000 -4.867223
133.644000 31.691000 -4.874588
133.632000 31.689000 -4.874104
133.618000 31.687000 -4.837716
133.610000 31.682000 -4.846634
133.601000 31.676000 -4.850482
133.588000 31.665000 -4.851790
133.578000 31.657000 -4.860134
133.574000 31.651000 -4.874398
133.568000 31.641000 -4.889740
133.561000 31.636000 -4.889116
133.552000 31.632000 -4.888045
133.542000 31.631000 -4.884505
133.529000 31.632000 -4.867155
133.519000 31.631000 -4.860797
133.513000 31.629000 -4.862680
133.506000 31.625000 -4.865870
133.498000 31.619000 -4.870680
133.493000 31.611000 -4.880165
133.493000 31.605000 -4.886430
133.484000 31.600000 -4.888790
133.473000 31.593000 -4.886638
133.460000 31.586000 -4.892306
133.446000 31.581000 -4.893596
133.434000 31.576000 -4.896924
133.424000 31.570000 -4.899518
133.414000 31.563000 -4.901310
133.402000 31.557000 -4.897256
133.387000 31.554000 -4.888630
133.375000 31.550000 -4.882250
133.362000 31.543000 -4.878985
133.352000 31.537000 -4.877272
133.340000 31.529000 -4.881179
133.330000 31.523000 -4.877714
133.320000 31.515000 -4.887496
133.313000 31.510000 -4.882557
133.309000 31.502000 -4.868278
133.303000 31.492000 -4.876173
133.300000 31.482000 -4.864240
133.296000 31.471000 -4.882553
133.294000 31.458000 -4.881746
133.291000 31.446000 -4.881145
133.288000 31.432000 -4.881899
133.284000 31.417000 -4.879220
133.281000 31.405000 -4.867999
133.275000 31.396000 -4.832648
133.270000 31.387000 -4.802238
133.270000 31.380000 -4.808900
133.272000 31.371000 -4.833542
133.274000 31.362000 -4.848517
133.270000 31.350000 -4.854409
133.266000 31.337000 -4.835854
133.262000 31.325000 -4.816799
133.264000 31.315000 -4.815950
133.263000 31.304000 -4.815443
133.256000 31.289000 -4.808841
133.253000 31.279000 -4.797875
133.249000 31.271000 -4.795640
133.240000 31.261000 -4.785272
133.231000 31.249000 -4.781313
133.219000 31.234000 -4.776100
133.210000 31.220000 -4.780418
133.199000 31.204000 -4.766643
133.190000 31.190000 -4.763560
133.174000 31.177000 -4.747216
133.161000 31.173000 -4.746026
133.147000 31.168000 -4.740584
133.135000 31.162000 -4.744675
133.124000 31.155000 -4.742879
133.109000 31.149000 -4.733115
133.100000 31.145000 -4.744009
133.091000 31.137000 -4.754300
133.078000 31.128000 -4.755277
133.065000 31.120000 -4.740780
133.049000 31.113000 -4.758526
133.036000 31.104000 -4.763126
133.029000 31.093000 -4.756302
133.023000 31.080000 -4.789643
132.300000 31.000000 -10
131.550000 30.900000 -20
131.275000 31.000000 -30
131.100000 31.200000 -40
131.200000 31.700000 -50
131.300000 32.000000 -50
131.400000 32.300000 -50
131.450000 32.400000 -50
131.600000 32.600000 -50
131.700000 32.800000 -50
131.730000 32.900000 -50
131.900000 33.250000 -50
132.000000 33.500000 -50
132.050000 33.700000 -50
132.060000 33.900000 -50
132.060000 33.900000 -50
132.100000 34.100000 -50
132.150000 34.200000 -50
132.200000 34.275000 -50
132.300000 34.400000 -50
132.400000 34.450000 -50
132.500000 34.500000 -50
132.600000 34.525000 -50
132.700000 34.540000 -50
133.000000 34.550000 -50
133.100000 34.550000 -50
133.200000 34.535000 -50
133.300000 34.510000 -50
133.400000 34.500000 -50
133.500000 34.500000 -50
133.600000 34.500000 -50
133.600000 34.500000 -50
133.700000 34.550000 -50
133.800000 34.580000 -50
133.900000 34.630000 -50
134.000000 34.650000 -50
134.100000 34.680000 -50
134.200000 34.685000 -50
134.300000 34.695000 -50
134.400000 34.690000 -50
134.500000 34.680000 -50
134.600000 34.650000 -50
134.700000 34.620000 -50
134.850000 34.550000 -50
134.900000 34.520000 -50
134.970000 34.450000 -50
135.025000 34.400000 -50
135.100000 34.320000 -50
135.200000 34.230000 -50
135.250000 34.200000 -50
135.300000 34.190000 -50
135.400000 34.180000 -50
135.500000 34.190000 -50
135.600000 34.230000 -50
135.700000 34.300000 -50
135.725000 34.400000 -50
135.750000 34.700000 -50
135.770000 34.800000 -50
135.800000 34.900000 -50
135.870000 35.000000 -50
135.950000 35.100000 -50
135.960000 35.200000 -50
135.970000 35.300000 -50
135.925000 35.400000 -50
135.900000 35.500000 -50
135.890000 35.600000 -50
135.880000 35.700000 -50
135.900000 35.750000 -50
135.930000 35.800000 -50
136.000000 35.860000 -50
136.100000 35.900000 -50
136.200000 35.925000 -50
136.300000 35.920000 -50
136.400000 35.900000 -50
136.500000 35.875000 -50
136.700000 35.800000 -50
136.900000 35.700000 -50
136.900000 35.700000 -50
137.000000 35.660000 -50
137.100000 35.610000 -50
137.200000 35.570000 -50
137.300000 35.525000 -50
137.400000 35.500000 -50
137.500000 35.490000 -50
137.600000 35.500000 -50
137.600000 35.500000 -50
137.900000 35.550000 -50
138.100000 35.610000 -50
138.300000 35.610000 -40
138.500000 35.600000 -30
138.600000 35.540000 -20
138.650000 35.375000 -10
138.642000 35.106000 -0.172356
