138.2 34.28 -10
138.1 34.2 -10
138.0 34.125 -10
137.9 34.06 -10
137.8 34.025 -10
137.7 34.0 -10
137.6 33.98 -10
137.5 33.94 -10
137.4 33.9 -10
137.3 33.85 -10
137.2 33.8 -10
137.1 33.75 -10
137.0 33.7 -10
136.9 33.65 -10
136.8 33.585 -10
136.7 33.5 -10
136.6 33.42 -10
136.5 33.35 -10
136.4 33.3 -10
136.3 33.27 -10
136.2 33.225 -10
136.1 33.18 -10
136.0 33.15 -10
135.9 33.1 -10
135.8 33.075 -10
135.7 33.03 -10
135.6 33.005 -10
135.5 33.0 -10
135.4 32.995 -10
135.3 32.985 -10
135.2 32.98 -10
135.1 32.99 -10
135.0 33.01 -10
134.9 33.045 -10
134.8 33.065 -10
134.7 33.075 -10
134.6 33.05 -10
134.5 32.95 -10
134.4 32.8 -10
134.3 32.62 -10
134.24 32.5 -10
134.2 32.45 -10
134.1 32.36 -10
134.0 32.3 -10
133.9 32.23 -10
133.8 32.175 -10
133.7 32.12 -10
133.6 32.07 -10
133.5 32.025 -10
133.4 31.985 -10
133.3 31.95 -10
133.2 31.9 -10
133.1 31.85 -10
133.0 31.81 -10
132.9 31.775 -10
132.8 31.75 -10
132.7 31.7 -10
132.6 31.62 -10
132.5 31.37 -10
132.4 31.17 -10
132.3 31.0 -10
139.109 35.4125 -10
139.0 35.44 -10
138.9 35.47 -10
138.8 35.47 -10
138.7 35.425 -10
138.65 35.375 -10
138.575 35.2 -10
138.998 35.5678 -20
138.9 35.575 -20
138.8 35.58 -20
138.7 35.57 -20
138.6 35.54 -20
138.5 35.45 -20
138.47 35.4 -20
138.88 35.7307 -30
138.7 35.685 -30
138.5 35.6 -30
138.25 35.4 -30
138.8 35.835 -40
138.5 35.7 -40
138.3 35.61 -40
138.1 35.52 -40
138.72 35.94 -50
138.6 35.86 -50
138.5 35.8 -50
138.3 35.71 -50
138.1 35.61 -50
137.9 35.55 -50
137.6 35.5 -50
138.65 36.045 -60
138.6 36.0 -60
138.5 35.92 -60
138.3 35.82 -60
138.1 35.735 -60
137.9 35.67 -60
137.8 35.65 -60
137.6 35.63 -60
137.0 35.78 -60
136.9 35.825 -60
136.7 35.9 -60
136.5 35.95 -60
136.4 36.0 -60
136.2 36.1 -60
136.1 36.07 -60
136.0 36.0 -60
135.9 35.945 -60
135.82 35.885 -60
138.61 36.1 -70
138.5 36.015 -70
138.3 35.9 -70
138.1 35.81 -70
137.9 35.75 -70
137.7 35.71 -70
137.6 35.7 -70
137.5 35.705 -70
137.4 35.72 -70
137.3 35.745 -70
137.15 35.8 -70
136.9 35.88 -70
136.8 35.94 -70
136.6 35.98 -70
136.35 36.16 -70
138.55 36.175 -80
138.4 36.05 -80
138.2 35.95 -80
138.1 35.9 -80
137.8 35.8 -80
137.6 35.77 -80
137.5 35.765 -80
137.4 35.77 -80
137.25 35.8 -80
137.0 35.91 -80
136.9 35.96 -80
136.6 36.07 -80
136.375 36.2 -80
138.51 36.24 -90
138.4 36.14 -90
138.3 36.07 -90
138.1 35.975 -90
137.9 35.89 -90
137.8 35.86 -90
137.7 35.845 -90
137.6 35.83 -90
137.5 35.835 -90
137.2 35.9 -90
137.0 36.0 -90
136.7 36.1 -90
136.45 36.2 -90
139.34 36.6 -100
139.2 36.55 -100
139.0 36.5 -100
138.8 36.48 -100
138.7 36.46 -100
138.6 36.44 -100
138.5 36.4 -100
138.4 36.24 -100
138.3 36.16 -100
138.2 36.1 -100
138.0 36.0 -100
137.8 35.925 -100
137.7 35.9 -100
137.6 35.885 -100
137.4 35.9 -100
137.1 36.0 -100
137.0 36.06 -100
136.5 36.24 -100
139.2 36.625 -110
139.1 36.6 -110
138.7 36.55 -110
138.5 36.52 -110
138.35 36.455 -110
138.3 36.4 -110
138.25 36.25 -110
138.2 36.15 -110
138.1 36.09 -110
138.0 36.05 -110
137.9 36.01 -110
137.8 35.975 -110
137.7 35.95 -110
137.6 35.94 -110
137.25 36.0 -110
137.0 36.1 -110
136.7 36.2 -110
139.0 36.64 -120
138.7 36.6 -120
138.4 36.59 -120
138.25 36.56 -120
138.15 36.5 -120
138.1 36.4 -120
138.07 36.2 -120
138.0 36.1 -120
137.9 36.06 -120
137.7 36.015 -120
137.6 36.0 -120
137.5 36.01 -120
137.2 36.1 -120
136.85 36.2 -120
136.75 36.24 -120
138.9 36.68 -130
138.7 36.665 -130
138.6 36.665 -130
138.4 36.67 -130
138.2 36.66 -130
138.1 36.64 -130
138.05 36.6 -130
138.0 36.5 -130
137.99 36.4 -130
137.92 36.2 -130
137.85 36.15 -130
137.8 36.12 -130
137.7 36.09 -130
137.6 36.08 -130
137.5 36.09 -130
137.4 36.12 -130
137.1 36.19 -130
136.75 36.3 -130
138.75 36.76 -140
138.1 36.73 -140
137.96 36.7 -140
137.9 36.6 -140
137.88 36.5 -140
137.87 36.36 -140
137.85 36.3 -140
137.8 36.25 -140
137.7 36.19 -140
137.6 36.18 -140
137.5 36.18 -140
137.4 36.2 -140
137.0 36.27 -140
136.84 36.33 -140
139.8 35 -10
139.5 35.27 -10
139.4 35.34 -10
139.3 35.385 -10
139.2 35.41 -10
139.109 35.4125 -10
140.723 35.2858 -20
140.6 35.24 -20
140.5 35.225 -20
140.381 35.2315 -20
140.3 35.245 -20
140.2 35.265 -20
140.1 35.3 -20
140.0 35.35 -20
139.876 35.4104 -20
139.7 35.49 -20
139.5 35.56 -20
139.3680 35.5870 -20
139.3 35.595 -20
139.2 35.60 -20
139.1 35.59 -20
138.998 35.5678 -20
140.741 35.81 -30
140.7 35.7 -30
140.63 35.6 -30
140.561 35.5209 -30
140.5 35.475 -30
140.4 35.43 -30
140.3 35.42 -30
140.245 35.427 -30
140.1 35.5 -30
140.0 35.57 -30
139.9 35.625 -30
139.8 35.68 -30
139.644 35.7378 -30
139.5 35.765 -30
139.4 35.775 -30
139.3 35.785 -30
139.2 35.78 -30
139.1 35.775 -30
139.0 35.76 -30
138.88 35.7307 -30
140.523 36.1235 -40
140.4 36.04 -40
140.233 35.9904 -40
140.1 35.96 -40
139.889 35.9347 -40
139.7 35.916 -40
139.517 35.9169 -40
139.3 35.938 -40
139.2 35.939 -40
139.117 35.9369 -40
139.05 35.93 -40
139.0 35.92 -40
138.9 35.885 -40
138.8 35.835 -40
140.359 36.3583 -50
140.2 36.25 -50
140.084 36.2014 -50
139.9 36.15 -50
139.761 36.1141 -50
139.6 36.06 -50
139.433 36.0336 -50
139.3 36.04 -50
139.2 36.052 -50
139.1 36.057 -50
139.033 36.0533 -50
138.9 36.025 -50
138.8 35.985 -50
138.72 35.94 -50
139.996 36.3263 -60
139.8 36.285 -60
139.667 36.2465 -60
139.5 36.18 -60
139.344 36.1581 -60
139.2 36.158 -60
138.948 36.1697 -60
138.9 36.163 -60
138.8 36.13 -60
138.74 36.1 -60
138.65 36.045 -60
139.935 36.4122 -70
139.8 36.4 -70
139.583 36.3634 -70
139.4 36.3 -70
139.276 36.2514 -70
139.2 36.245 -70
138.7 36.18 -70
138.61 36.1 -70
139.2 36.245 -70
139.1 36.25 -70
139.0 36.27 -70
138.9 36.265 -70
138.8 36.235 -70
138.7 36.18 -70
139.525 36.44 -80
139.4 36.4 -80
139.215 36.3369 -80
139.1 36.32 -80
138.6 36.22 -80
138.55 36.175 -80
139.1 36.32 -80
139.0 36.33 -80
138.9 36.345 -80
138.8 36.335 -80
138.7 36.285 -80
138.6 36.22 -80
133.0 34.55 -50
132.7 34.54 -50
132.6 34.525 -50
132.5 34.5 -50
132.4 34.45 -50
132.3 34.4 -50
132.2 34.275 -50
132.15 34.2 -50
132.1 34.1 -50
132.06 33.9 -50
133.95 34.975 -60
133.2 34.8 -60
132.6 34.65 -60
132.5 34.63 -60
132.15 34.44 -60
131.95 33.95 -60
131.9 33.65 -60
131.74 33.15 -60
131.6 32.9 -60
131.475 32.6 -60
131.3 32.3 -60
131.1 31.85 -60
131.06 31.7 -60
130.95 31.5 -60
131.8 34.0 -80
131.7 33.7 -80
131.65 33.5 -80
131.6 33.4 -80
131.5 33.05 -80
131.4 32.85 -80
131.3 32.64 -80
131.1 32.31 -80
131.0 32.11 -80
130.9 31.8 -80
130.825 31.54 -80
131.6 33.75 -100
131.5 33.4 -100
131.4 33.1 -100
131.36 33.0 -100
131.275 32.85 -100
131.15 32.55 -100
130.9 32.2 -100
130.83 32.0 -100
130.71 31.65 -100
131.46 33.6 -120
131.42 33.4 -120
131.3 33.07 -120
131.2 32.86 -120
131.1 32.61 -120
131.025 32.5 -120
130.8 32.2 -120
130.62 31.7 -120
131.1 32.9 -140
131.0 32.65 -140
130.8 32.3 -140
130.69 32.1 -140
130.55 31.7 -140
130.77 32.4 -160
130.6 32.1 -160
130.47 31.725 -160
130.6 32.2 -180
130.5 32.0 -180
130.4 31.75 -180
138.575 35.2 -10
138.56 35.1 -10
138.55 35.0 -10
138.530000 34.900000 -10
138.520000 34.820000 -10
138.500000 34.743000 -10
138.480000 34.700000 -10
138.460000 34.652000 -10
138.440000 34.610000 -10
138.420000 34.580000 -10
138.400000 34.540000 -10
138.380000 34.508000 -10
138.360000 34.478000 -10
138.340000 34.447000 -10
138.320000 34.422000 -10
138.300000 34.400000 -10
138.280000 34.377000 -10
138.260000 34.355000 -10
138.240000 34.332000 -10
138.220000 34.315000 -10
138.47 35.4 -20
138.45 35.3 -20
138.42 35.2 -20
138.39 35.1 -20
138.35 35.03 -20
138.3 34.97 -20
138.2 34.91 -20
138.1 34.86 -20
138.0 34.81 -20
137.9 34.76 -20
137.8 34.725 -20
137.7 34.7 -20
137.6 34.695 -20
137.5 34.685 -20
137.4 34.66 -20
137.3 34.63 -20
137.2 34.59 -20
137.1 34.55 -20
137.0 34.45 -20
136.9 34.27 -20
136.8 34.15 -20
136.7 34.1 -20
136.6 34.04 -20
136.5 33.95 -20
136.4 33.9 -20
136.3 33.84 -20
136.2 33.79 -20
136.1 33.74 -20
136.0 33.68 -20
135.9 33.62 -20
135.8 33.59 -20
135.7 33.55 -20
135.6 33.53 -20
135.5 33.52 -20
135.4 33.5 -20
135.3 33.49 -20
135.2 33.49 -20
135.1 33.495 -20
135.0 33.515 -20
134.9 33.56 -20
134.8 33.6 -20
134.7 33.66 -20
134.6 33.7 -20
134.5 33.7 -20
134.4 33.68 -20
134.3 33.66 -20
134.2 33.63 -20
134.1 33.56 -20
134.0 33.48 -20
133.9 33.43 -20
133.8 33.37 -20
133.7 33.32 -20
133.6 33.3 -20
133.5 33.275 -20
133.4 33.24 -20
133.2 33.2 -20
133.0 33.12 -20
132.8 33.025 -20
132.6 32.9 -20
132.46 32.8 -20
132.3 32.6 -20
132.1 32.435 -20
131.9 32.2 -20
131.8 31.9 -20
131.7 31.6 -20
131.6 31.3 -20
131.57 31.2 -20
131.55 30.9 -20
138.25 35.4 -30
138.2 35.35 -30
138.14 35.3 -30
138.0 35.2 -30
137.9 35.14 -30
137.8 35.085 -30
137.7 35.05 -30
137.6 35.03 -30
137.5 35.02 -30
137.4 35.005 -30
137.3 35.0 -30
137.2 35.005 -30
137.1 35.01 -30
137.0 35.045 -30
136.9 35.05 -30
136.8 35.02 -30
136.73 34.95 -30
136.7 34.9 -30
136.65 34.8 -30
136.62 34.7 -30
136.6 34.65 -30
136.5 34.57 -30
136.4 34.49 -30
136.3 34.4 -30
136.2 34.21 -30
136.1 34.1 -30
136.0 34.01 -30
135.9 33.94 -30
135.8 33.9 -30
135.7 33.86 -30
135.6 33.83 -30
135.5 33.825 -30
135.4 33.83 -30
135.3 33.84 -30
135.2 33.86 -30
135.1 33.9 -30
135.0 33.95 -30
134.9 34.0 -30
134.8 34.04 -30
134.7 34.075 -30
134.6 34.08 -30
134.5 34.09 -30
134.4 34.095 -30
134.3 34.075 -30
134.2 34.05 -30
134.1 34.025 -30
134.0 34.0 -30
133.9 33.99 -30
133.8 33.98 -30
133.7 33.97 -30
133.6 33.92 -30
133.5 33.88 -30
133.4 33.835 -30
133.3 33.775 -30
133.2 33.7 -30
133.1 33.64 -30
133.0 33.6 -30
132.9 33.55 -30
132.7 33.46 -30
132.55 33.25 -30
132.4 33.15 -30
132.3 33.1 -30
132.2 33.03 -30
132.1 32.9 -30
131.93 32.55 -30
131.8 32.4 -30
131.73 32.3 -30
131.7 32.2 -30
131.6 31.85 -30
131.45 31.5 -30
131.3 31.25 -30
131.275 31.0 -30
138.1 35.52 -40
138.05 35.5 -40
137.9 35.425 -40
137.8 35.37 -40
137.7 35.32 -40
137.55 35.28 -40
137.5 35.275 -40
137.4 35.28 -40
137.3 35.3 -40
137.2 35.325 -40
137.1 35.37 -40
137.0 35.42 -40
136.9 35.47 -40
136.15 35.0 -40
136.1 34.8 -40
136.0 34.65 -40
135.9 34.45 -40
135.8 34.2 -40
135.7 34.1 -40
135.6 34.04 -40
135.5 34.01 -40
135.4 34.0 -40
135.3 34.01 -40
135.2 34.05 -40
135.1 34.1 -40
135.0 34.2 -40
134.9 34.28 -40
134.8 34.35 -40
134.7 34.39 -40
134.6 34.4 -40
134.5 34.41 -40
134.4 34.41 -40
134.3 34.4 -40
134.2 34.38 -40
134.1 34.34 -40
134.0 34.31 -40
133.9 34.295 -40
133.8 34.28 -40
133.7 34.28 -40
133.6 34.285 -40
133.5 34.27 -40
133.4 34.22 -40
133.3 34.185 -40
133.2 34.17 -40
133.1 34.23 -40
133.0 34.27 -40
132.9 34.3 -40
132.8 34.32 -40
132.7 34.3 -40
132.6 34.25 -40
132.5 34.2 -40
132.4 34.13 -40
132.3 34.05 -40
132.25 34.0 -40
132.22 33.9 -40
132.2 33.8 -40
132.21 33.7 -40
132.215 33.6 -40
132.21 33.5 -40
132.15 33.4 -40
132.1 33.32 -40
132.025 33.2 -40
131.975 33.1 -40
131.86 32.8 -40
131.71 32.5 -40
131.6 32.35 -40
131.5 32.15 -40
131.385 31.8 -40
131.25 31.55 -40
131.13 31.3 -40
131.1 31.2 -40
131.08 31.05 -40
136.9 35.47 -40
136.8 35.53 -40
136.7 35.6 -40
136.6 35.67 -40
136.5 35.725 -40
136.4 35.76 -40
136.3 35.77 -40
136.2 35.76 -40
136.1 35.7 -40
136.06 35.6 -40
136.055 35.55 -40
136.06 35.5 -40
136.07 35.4 -40
136.08 35.3 -40
136.11 35.2 -40
136.13 35.1 -40
136.15 35.0 -40
137.6 35.5 -50
137.5 35.49 -50
137.4 35.5 -50
137.3 35.525 -50
137.2 35.57 -50
137.1 35.61 -50
137.0 35.66 -50
136.9 35.7 -50
135.97 35.3 -50
135.96 35.2 -50
135.95 35.1 -50
135.87 35.0 -50
135.8 34.9 -50
135.77 34.8 -50
135.75 34.7 -50
135.725 34.4 -50
135.7 34.3 -50
135.6 34.23 -50
135.5 34.19 -50
135.4 34.18 -50
135.3 34.19 -50
134.2 34.685 -50
134.1 34.68 -50
134.0 34.65 -50
133.9 34.63 -50
133.8 34.58 -50
133.7 34.55 -50
133.6 34.5 -50
132.06 33.9 -50
132.05 33.7 -50
132.0 33.5 -50
131.9 33.25 -50
131.73 32.9 -50
131.7 32.8 -50
131.6 32.6 -50
131.45 32.4 -50
131.4 32.3 -50
131.3 32.0 -50
131.2 31.7 -50
131.01 31.35 -50
130.91 31.08 -50
136.9 35.7 -50
136.7 35.8 -50
136.5 35.875 -50
136.4 35.9 -50
136.3 35.92 -50
136.2 35.925 -50
136.1 35.9 -50
136.0 35.86 -50
135.93 35.8 -50
135.9 35.75 -50
135.88 35.7 -50
135.89 35.6 -50
135.9 35.5 -50
135.925 35.4 -50
135.97 35.3 -50
135.3 34.19 -50
135.25 34.2 -50
135.2 34.23 -50
135.1 34.32 -50
135.025 34.4 -50
134.97 34.45 -50
134.9 34.52 -50
134.85 34.55 -50
134.7 34.62 -50
134.6 34.65 -50
134.5 34.68 -50
134.4 34.69 -50
134.3 34.695 -50
134.2 34.685 -50
133.6 34.5 -50
133.5 34.5 -50
133.4 34.5 -50
133.3 34.51 -50
133.2 34.535 -50
133.1 34.55 -50
133.0 34.55 -50
137.6 35.63 -60
137.5 35.64 -60
137.4 35.65 -60
137.3 35.67 -60
137.2 35.7 -60
137.0 35.78 -60
135.65 34.65 -60
135.64 34.5 -60
135.6 34.45 -60
135.5 34.38 -60
135.4 34.35 -60
135.3 34.325 -60
135.2 34.34 -60
130.95 31.5 -60
130.9 31.4 -60
130.775 31.12 -60
139.189000 35.254000 -0.107303
139.192000 35.251000 -0.196064
139.193000 35.249000 -0.240716
139.195000 35.246000 -0.303944
139.197000 35.243000 -0.359174
139.200000 35.240000 -0.418550
139.202000 35.237000 -0.466583
139.204000 35.235000 -0.502591
139.207000 35.231000 -0.572311
139.210000 35.229000 -0.616418
139.212000 35.226000 -0.660718
139.215000 35.223000 -0.712950
139.219000 35.221000 -0.764659
139.222000 35.218000 -0.809635
139.223000 35.215000 -0.837806
139.226000 35.211000 -0.885893
139.228000 35.209000 -0.913010
139.231000 35.206000 -0.952430
139.234000 35.202000 -0.992163
139.237000 35.198000 -1.029061
139.241000 35.194000 -1.067701
139.243000 35.190000 -1.087784
139.245000 35.187000 -1.104811
139.248000 35.183000 -1.128178
139.251000 35.179000 -1.148969
139.253000 35.176000 -1.164463
139.256000 35.173000 -1.178960
139.259000 35.169000 -1.190069
139.261000 35.166000 -1.197191
139.264000 35.162000 -1.211096
139.268000 35.158000 -1.227480
139.271000 35.155000 -1.242417
139.275000 35.152000 -1.253750
139.279000 35.147000 -1.268366
139.283000 35.144000 -1.275303
139.286000 35.138000 -1.297860
139.290000 35.133000 -1.295512
139.293000 35.129000 -1.301168
139.297000 35.124000 -1.303539
139.302000 35.118000 -1.305056
139.305000 35.115000 -1.323474
139.310000 35.110000 -1.351630
139.315000 35.104000 -1.346806
139.319000 35.100000 -1.353050
139.322000 35.096000 -1.365147
139.330000 35.088000 -1.390402
139.335000 35.083000 -1.412964
139.339000 35.078000 -1.423987
139.342000 35.074000 -1.430093
139.344000 35.070000 -1.443156
139.344000 35.067000 -1.446181
139.346000 35.063000 -1.456235
139.346000 35.059000 -1.456777
139.346000 35.055000 -1.458666
139.345000 35.050000 -1.464307
139.344000 35.045000 -1.471027
139.344000 35.039000 -1.479886
139.343000 35.036000 -1.482940
139.341000 35.034000 -1.484564
139.340000 35.031000 -1.485826
139.339000 35.027000 -1.488173
139.338000 35.023000 -1.491072
139.336000 35.019000 -1.493095
139.334000 35.016000 -1.495387
139.333000 35.014000 -1.497969
139.332000 35.011000 -1.501159
139.332000 35.009000 -1.501880
139.331000 35.006000 -1.503800
139.330000 35.004000 -1.505233
139.329000 35.001000 -1.505975
139.328000 34.994000 -1.509576
139.328000 34.990000 -1.515897
139.327000 34.988000 -1.519842
139.328000 34.985000 -1.524170
139.328000 34.982000 -1.529363
139.328000 34.978000 -1.534190
139.328000 34.975000 -1.533907
139.328000 34.972000 -1.533730
139.330000 34.968000 -1.529158
139.331000 34.962000 -1.517947
139.333000 34.959000 -1.533222
139.335000 34.955000 -1.549773
139.336000 34.951000 -1.556171
139.338000 34.946000 -1.558762
139.341000 34.941000 -1.558067
139.343000 34.937000 -1.559711
139.345000 34.934000 -1.566757
139.348000 34.930000 -1.577792
139.351000 34.926000 -1.585386
139.354000 34.922000 -1.589659
139.358000 34.917000 -1.591166
139.362000 34.912000 -1.601178
139.367000 34.908000 -1.611005
139.372000 34.903000 -1.620655
139.377000 34.900000 -1.627130
139.382000 34.895000 -1.641383
139.388000 34.893000 -1.643707
139.395000 34.889000 -1.650340
139.402000 34.885000 -1.656096
139.408000 34.882000 -1.663189
139.415000 34.879000 -1.667876
139.423000 34.877000 -1.665928
139.431000 34.875000 -1.670880
139.436000 34.873000 -1.671715
139.442000 34.871000 -1.672370
139.448000 34.867000 -1.671235
139.453000 34.866000 -1.674190
139.459000 34.863000 -1.672561
139.467000 34.859000 -1.671531
139.475000 34.856000 -1.686900
139.481000 34.852000 -1.691883
139.489000 34.849000 -1.697830
139.495000 34.845000 -1.707330
139.501000 34.841000 -1.682436
139.506000 34.838000 -1.694159
139.514000 34.833000 -1.722088
139.523000 34.829000 -1.726347
139.532000 34.826000 -1.739385
139.539000 34.822000 -1.749720
139.546000 34.819000 -1.775820
139.553000 34.817000 -1.801019
139.559000 34.814000 -1.816132
139.565000 34.809000 -1.834548
139.571000 34.804000 -1.828920
139.577000 34.796000 -1.821546
139.581000 34.791000 -1.819626
139.584000 34.785000 -1.821744
139.587000 34.779000 -1.853664
139.588000 34.772000 -1.901586
139.590000 34.766000 -1.918022
139.593000 34.759000 -1.935142
139.597000 34.751000 -1.963661
139.600000 34.743000 -1.999070
139.603000 34.736000 -2.020812
139.607000 34.727000 -2.046219
139.610000 34.722000 -2.060789
139.615000 34.717000 -2.064978
139.621000 34.712000 -2.073510
139.627000 34.706000 -2.069086
139.633000 34.703000 -2.096206
139.638000 34.700000 -2.127121
139.643000 34.697000 -2.145990
139.649000 34.695000 -2.149999
139.655000 34.694000 -2.158804
139.661000 34.692000 -2.196462
139.666000 34.691000 -2.204558
139.674000 34.689000 -2.217960
139.680000 34.688000 -2.239102
139.687000 34.687000 -2.222533
139.694000 34.686000 -2.231737
139.705000 34.685000 -2.256679
139.715000 34.684000 -2.271398
139.725000 34.683000 -2.290620
139.734000 34.681000 -2.307137
139.743000 34.680000 -2.328684
139.751000 34.677000 -2.344076
139.764000 34.677000 -2.360540
139.773000 34.676000 -2.379287
139.781000 34.675000 -2.383480
139.795000 34.673000 -2.403793
139.803000 34.673000 -2.414426
139.816000 34.671000 -2.419846
139.829000 34.670000 -2.414337
139.838000 34.668000 -2.426625
139.848000 34.668000 -2.430604
139.856000 34.668000 -2.458600
139.865000 34.671000 -2.486348
139.875000 34.673000 -2.478980
139.886000 34.676000 -2.474595
139.893000 34.680000 -2.527444
139.902000 34.684000 -2.562951
139.913000 34.688000 -2.583298
139.930000 34.692000 -2.618454
139.939000 34.694000 -2.614689
139.947000 34.695000 -2.564779
139.954000 34.696000 -2.501852
139.963000 34.698000 -2.511125
139.969000 34.699000 -2.542984
139.977000 34.701000 -2.582804
139.984000 34.704000 -2.584293
139.989000 34.709000 -2.619883
139.993000 34.711000 -2.635278
140.000000 34.716000 -2.669900
140.005000 34.719000 -2.695879
140.009000 34.722000 -2.681220
140.014000 34.726000 -2.674651
140.021000 34.730000 -2.663793
140.030000 34.739000 -2.567428
140.038000 34.746000 -2.632915
140.047000 34.751000 -2.622114
140.054000 34.756000 -2.657583
140.064000 34.759000 -2.645449
140.071000 34.762000 -2.691184
140.078000 34.765000 -2.717666
140.085000 34.767000 -2.730894
140.094000 34.771000 -2.758466
140.101000 34.772000 -2.752386
140.106000 34.772000 -2.747757
140.115000 34.771000 -2.759888
140.123000 34.768000 -2.775144
140.130000 34.766000 -2.760630
140.138000 34.763000 -2.760021
140.145000 34.760000 -2.840115
140.151000 34.756000 -2.874078
140.157000 34.753000 -2.893775
140.165000 34.749000 -2.928912
140.171000 34.745000 -2.934299
140.176000 34.742000 -2.952797
140.181000 34.739000 -2.960646
140.183000 34.737000 -2.965930
140.191000 34.732000 -2.908784
140.200000 34.730000 -2.821227
140.208000 34.728000 -2.777840
140.215000 34.725000 -2.760750
140.225000 34.723000 -2.769830
140.234000 34.722000 -2.855405
140.244000 34.721000 -3.009192
140.253000 34.720000 -3.046585
140.260000 34.720000 -3.039219
140.269000 34.720000 -3.058190
140.275000 34.720000 -3.040397
140.282000 34.718000 -3.020355
140.287000 34.716000 -3.029846
140.293000 34.714000 -3.034512
140.299000 34.711000 -3.045676
140.304000 34.708000 -3.037545
140.309000 34.706000 -3.006130
140.314000 34.703000 -2.996282
140.318000 34.699000 -2.981690
140.321000 34.696000 -3.020486
140.327000 34.693000 -3.019281
140.335000 34.689000 -3.020120
140.343000 34.686000 -2.907701
140.349000 34.683000 -2.861008
140.355000 34.680000 -2.924340
140.361000 34.677000 -3.030626
140.366000 34.674000 -3.037558
140.372000 34.670000 -3.050907
140.381000 34.668000 -3.057650
140.387000 34.666000 -3.004173
140.393000 34.662000 -3.029218
140.402000 34.660000 -3.087980
140.409000 34.656000 -3.073712
140.416000 34.653000 -3.112810
140.423000 34.649000 -2.980249
140.429000 34.645000 -2.942918
140.436000 34.641000 -2.973278
140.448000 34.636000 -2.800904
140.457000 34.631000 -2.850259
140.464000 34.627000 -2.855920
140.471000 34.625000 -2.895774
140.477000 34.622000 -2.982089
140.485000 34.620000 -3.197769
140.492000 34.617000 -3.261625
140.499000 34.614000 -3.308369
140.504000 34.612000 -3.361210
140.504000 34.612000 -3.361210
140.511000 34.609000 -3.298173
140.516000 34.607000 -3.293907
140.522000 34.605000 -3.317869
140.527000 34.602000 -3.254876
140.532000 34.599000 -3.208555
140.538000 34.596000 -3.259829
140.546000 34.594000 -3.233895
140.554000 34.590000 -3.133503
140.562000 34.586000 -3.100142
140.567000 34.585000 -3.157368
140.573000 34.582000 -3.144391
140.580000 34.580000 -3.176560
140.586000 34.578000 -3.278521
140.593000 34.575000 -3.491880
140.599000 34.572000 -3.555185
140.606000 34.569000 -3.427266
140.612000 34.566000 -3.237209
140.620000 34.562000 -3.171960
140.625000 34.559000 -3.040400
140.628000 34.555000 -2.917730
140.633000 34.550000 -3.163570
140.639000 34.547000 -3.440028
140.642000 34.544000 -3.608757
140.650000 34.539000 -3.761789
140.656000 34.535000 -3.699398
140.663000 34.531000 -3.777229
140.671000 34.526000 -3.915789
140.678000 34.520000 -3.981673
140.687000 34.518000 -3.992598
140.697000 34.516000 -3.944084
140.706000 34.515000 -3.847850
140.712000 34.515000 -3.917407
140.720000 34.515000 -3.985854
140.727000 34.518000 -4.096233
140.733000 34.518000 -4.194822
140.740000 34.519000 -4.290194
140.749000 34.519000 -4.265302
140.757000 34.521000 -4.021719
140.767000 34.522000 -3.888018
140.775000 34.523000 -3.945460
140.787000 34.524000 -4.131647
140.795000 34.525000 -4.315306
140.803000 34.525000 -4.535771
140.808000 34.525000 -4.613160
140.816000 34.522000 -4.634605
140.825000 34.521000 -4.599153
140.836000 34.518000 -4.708329
140.844000 34.517000 -4.887180
140.850000 34.513000 -4.979225
140.856000 34.509000 -5.081297
140.860000 34.507000 -5.108566
140.865000 34.504000 -5.154022
140.870000 34.501000 -5.218308
140.876000 34.500000 -5.252320
140.885000 34.500000 -5.233450
140.895000 34.501000 -5.224325
140.904000 34.503000 -5.238565
140.912000 34.505000 -5.282437
140.919000 34.508000 -5.358182
140.926000 34.511000 -5.425845
140.931000 34.514000 -5.511192
140.939000 34.515000 -5.597126
140.945000 34.517000 -5.664477
140.952000 34.518000 -5.718641
140.958000 34.517000 -5.749528
140.958000 34.517000 -5.749528
140.962000 34.518000 -5.799820
140.966000 34.516000 -5.837388
140.973000 34.515000 -5.939702
140.980000 34.512000 -6.022751
140.986000 34.509000 -6.041688
140.991000 34.505000 -6.065107
140.995000 34.504000 -6.091099
140.997000 34.502000 -6.084071
141.002000 34.502000 -6.116190
141.009000 34.498000 -6.135718
141.017000 34.495000 -6.178664
141.025000 34.494000 -6.204570
141.036000 34.492000 -6.240957
141.047000 34.492000 -6.251918
141.053000 34.493000 -6.234338
141.059000 34.493000 -6.278162
141.064000 34.494000 -6.325645
141.075000 34.495000 -6.468385
141.083000 34.496000 -6.524080
141.093000 34.499000 -6.571853
141.099000 34.500000 -6.591740
141.107000 34.502000 -6.641037
141.116000 34.504000 -6.694610
141.126000 34.504000 -6.720648
141.133000 34.506000 -6.766638
141.143000 34.506000 -6.812093
141.155000 34.508000 -6.859423
141.165000 34.508000 -6.895072
141.177000 34.508000 -6.915695
141.186000 34.506000 -6.939160
141.197000 34.506000 -6.958063
141.208000 34.504000 -6.987427
141.216000 34.501000 -7.000616
141.227000 34.498000 -7.023777
141.239000 34.493000 -7.044172
141.250000 34.488000 -7.062656
141.258000 34.483000 -7.071965
141.269000 34.476000 -7.084862
141.283000 34.469000 -7.103759
141.289000 34.465000 -7.113666
141.297000 34.459000 -7.122056
141.302000 34.455000 -7.126654
141.307000 34.450000 -7.131370
141.313000 34.445000 -7.137551
141.321000 34.438000 -7.144010
141.329000 34.431000 -7.149535
141.336000 34.424000 -7.156180
141.343000 34.419000 -7.161565
141.350000 34.413000 -7.167568
141.359000 34.407000 -7.171597
141.369000 34.399000 -7.180086
141.374000 34.395000 -7.185161
141.383000 34.387000 -7.197199
141.390000 34.379000 -7.208621
141.398000 34.371000 -7.221177
141.405000 34.365000 -7.230743
141.412000 34.357000 -7.239436
141.423000 34.346000 -7.247090
141.432000 34.340000 -7.256184
141.444000 34.333000 -7.262009
141.453000 34.326000 -7.265774
141.459000 34.321000 -7.266049
141.469000 34.317000 -7.254749
141.478000 34.311000 -7.174316
141.488000 34.307000 -7.077737
141.498000 34.301000 -7.095245
141.510000 34.296000 -7.119377
141.519000 34.293000 -7.112690
141.529000 34.289000 -7.109659
141.543000 34.285000 -7.139596
141.558000 34.284000 -7.154926
141.567000 34.283000 -7.179270
141.579000 34.282000 -7.203467
141.586000 34.282000 -7.197088
141.595000 34.282000 -7.195134
141.605000 34.282000 -7.178474
141.614000 34.282000 -7.129151
141.625000 34.283000 -7.007130
141.634000 34.285000 -6.896440
141.646000 34.286000 -6.741379
141.655000 34.287000 -6.715555
141.664000 34.286000 -6.735881
141.676000 34.284000 -6.840672
141.688000 34.283000 -6.956621
141.700000 34.281000 -7.089150
141.710000 34.278000 -7.271388
141.718000 34.275000 -7.495150
141.727000 34.273000 -7.710502
141.738000 34.269000 -7.965859
141.750000 34.266000 -8.213790
141.760000 34.261000 -8.510482
141.772000 34.257000 -8.753918
141.781000 34.255000 -8.776067
141.792000 34.251000 -8.727516
141.804000 34.248000 -8.766592
141.812000 34.245000 -8.811316
141.823000 34.241000 -8.827536
141.833000 34.238000 -8.916337
141.843000 34.233000 -9.032882
141.852000 34.229000 -9.086891
141.862000 34.226000 -9.123677
141.871000 34.223000 -9.143317
141.879000 34.220000 -9.148752
141.887000 34.218000 -9.160350
141.898000 34.214000 -9.167266
141.906000 34.212000 -9.174637
141.913000 34.210000 -9.169702
141.919000 34.209000 -9.171130
141.926000 34.208000 -9.173834
138.642000 35.106000 -0.172356
138.642000 35.100000 -0.312690
138.643000 35.092000 -0.478536
138.643000 35.084000 -0.602719
138.643000 35.078000 -0.686290
138.644000 35.072000 -0.763874
138.644000 35.067000 -0.828472
138.645000 35.061000 -0.907360
138.645000 35.055000 -0.986770
138.646000 35.047000 -1.087309
138.646000 35.042000 -1.147447
138.647000 35.033000 -1.244826
138.647000 35.027000 -1.296645
138.648000 35.018000 -1.347378
138.648000 35.013000 -1.369791
138.647000 35.006000 -1.393775
138.647000 35.001000 -1.410691
138.648000 34.996000 -1.426619
138.648000 34.991000 -1.440357
138.648000 34.983000 -1.460702
138.647000 34.975000 -1.476508
138.647000 34.966000 -1.478969
138.646000 34.958000 -1.489005
138.646000 34.951000 -1.500689
138.643000 34.942000 -1.528814
138.641000 34.934000 -1.552981
138.639000 34.924000 -1.569946
138.640000 34.916000 -1.585708
138.640000 34.908000 -1.591684
138.639000 34.902000 -1.593875
138.639000 34.895000 -1.607468
138.638000 34.888000 -1.608361
138.639000 34.880000 -1.632155
138.638000 34.872000 -1.587387
138.634000 34.864000 -1.531735
138.631000 34.857000 -1.542492
138.628000 34.851000 -1.577601
138.625000 34.845000 -1.604550
138.623000 34.838000 -1.624426
138.622000 34.833000 -1.636851
138.622000 34.828000 -1.644979
138.622000 34.823000 -1.651772
138.621000 34.816000 -1.667697
138.622000 34.809000 -1.681506
138.623000 34.803000 -1.690476
138.623000 34.795000 -1.712944
138.622000 34.791000 -1.727114
138.621000 34.781000 -1.738315
138.618000 34.774000 -1.724876
138.615000 34.768000 -1.655256
138.611000 34.762000 -1.530369
138.606000 34.754000 -1.498767
138.603000 34.747000 -1.528569
138.598000 34.739000 -1.596605
138.594000 34.732000 -1.734048
138.591000 34.724000 -1.909957
138.589000 34.716000 -1.985327
138.588000 34.707000 -2.024206
138.588000 34.698000 -2.064291
138.588000 34.690000 -2.099545
138.587000 34.681000 -2.148485
138.587000 34.673000 -2.172750
138.587000 34.663000 -2.218054
138.588000 34.656000 -2.263942
138.587000 34.645000 -2.269007
138.587000 34.634000 -2.298879
138.586000 34.626000 -2.321216
138.587000 34.614000 -2.291778
138.586000 34.604000 -2.304118
138.585000 34.594000 -2.366150
138.581000 34.586000 -2.472122
138.579000 34.576000 -2.530879
138.578000 34.565000 -2.555646
138.576000 34.553000 -2.587906
138.575000 34.541000 -2.619780
138.574000 34.528000 -2.649087
138.573000 34.513000 -2.688222
138.570000 34.497000 -2.717395
138.571000 34.480000 -2.738455
138.566000 34.464000 -2.745860
138.565000 34.451000 -2.759856
138.562000 34.439000 -2.784365
138.557000 34.425000 -2.800550
138.552000 34.412000 -2.815253
138.546000 34.405000 -2.833765
138.539000 34.393000 -2.827789
138.530000 34.384000 -2.829006
138.521000 34.378000 -2.831041
138.512000 34.367000 -2.830295
138.503000 34.358000 -2.852525
138.497000 34.346000 -2.854555
138.489000 34.334000 -2.865800
138.485000 34.322000 -2.889088
138.483000 34.313000 -2.975969
138.483000 34.301000 -3.168657
138.483000 34.291000 -3.179381
138.485000 34.281000 -3.282006
138.488000 34.272000 -3.366004
138.490000 34.263000 -3.418593
138.490000 34.253000 -3.487414
138.493000 34.242000 -3.530202
138.494000 34.229000 -3.550915
138.494000 34.217000 -3.574945
138.494000 34.206000 -3.590558
138.494000 34.192000 -3.607321
138.494000 34.184000 -3.613975
138.495000 34.172000 -3.620911
138.494000 34.160000 -3.632866
138.493000 34.145000 -3.643008
138.490000 34.128000 -3.651545
138.489000 34.113000 -3.658588
138.486000 34.095000 -3.669501
138.483000 34.082000 -3.672631
138.478000 34.068000 -3.674402
138.475000 34.056000 -3.677060
138.468000 34.040000 -3.683748
138.460000 34.026000 -3.696526
138.453000 34.016000 -3.706407
138.448000 34.008000 -3.711718
138.443000 34.002000 -3.714128
138.438000 33.994000 -3.716976
138.432000 33.988000 -3.715849
138.426000 33.982000 -3.721329
138.420000 33.976000 -3.725279
138.413000 33.969000 -3.723029
138.404000 33.959000 -3.723178
138.393000 33.950000 -3.721830
138.384000 33.941000 -3.718680
138.375000 33.934000 -3.716560
138.368000 33.927000 -3.712410
138.359000 33.921000 -3.708345
138.353000 33.915000 -3.711515
138.344000 33.907000 -3.714964
138.337000 33.902000 -3.711257
138.328000 33.896000 -3.708754
138.319000 33.889000 -3.717820
138.310000 33.883000 -3.736638
138.301000 33.877000 -3.756206
138.293000 33.871000 -3.769896
138.285000 33.867000 -3.773348
138.279000 33.861000 -3.773536
138.270000 33.856000 -3.782749
138.262000 33.849000 -3.785723
138.252000 33.843000 -3.785378
138.244000 33.836000 -3.786838
138.235000 33.830000 -3.794860
138.228000 33.825000 -3.794530
138.218000 33.820000 -3.795720
138.209000 33.814000 -3.806586
138.199000 33.808000 -3.801380
138.190000 33.804000 -3.802844
138.180000 33.798000 -3.801632
138.171000 33.795000 -3.802965
138.161000 33.788000 -3.765908
138.153000 33.783000 -3.774163
138.142000 33.776000 -3.799236
138.132000 33.768000 -3.799917
138.122000 33.761000 -3.777088
138.114000 33.753000 -3.757124
138.108000 33.746000 -3.748822
138.100000 33.735000 -3.743850
138.090000 33.724000 -3.814178
138.082000 33.714000 -3.892609
138.074000 33.706000 -3.897833
138.065000 33.695000 -3.881706
138.058000 33.687000 -3.879502
138.052000 33.681000 -3.870622
138.044000 33.673000 -3.913592
138.038000 33.667000 -3.944442
138.032000 33.661000 -3.963494
138.026000 33.655000 -3.949223
138.016000 33.648000 -3.937033
138.010000 33.644000 -3.941208
138.004000 33.639000 -3.946228
138.001000 33.636000 -3.951756
137.996000 33.632000 -3.960201
137.986000 33.626000 -3.974649
137.978000 33.620000 -3.986528
137.966000 33.610000 -4.003658
137.958000 33.606000 -4.024002
137.946000 33.599000 -4.001007
137.936000 33.593000 -3.988887
137.926000 33.586000 -4.003748
137.917000 33.579000 -4.015225
137.906000 33.570000 -4.011834
137.899000 33.565000 -4.010700
137.887000 33.559000 -4.011393
137.875000 33.551000 -4.021620
137.863000 33.544000 -4.022072
137.849000 33.531000 -4.052176
137.841000 33.521000 -4.062129
137.836000 33.512000 -4.060496
137.831000 33.503000 -4.055745
137.827000 33.493000 -4.057642
137.823000 33.484000 -4.055354
137.820000 33.478000 -4.043202
137.815000 33.469000 -4.016886
137.812000 33.460000 -4.003939
137.809000 33.452000 -4.007946
137.802000 33.443000 -4.016697
137.795000 33.434000 -4.027552
137.788000 33.428000 -4.033127
137.780000 33.420000 -4.038790
137.771000 33.414000 -4.040693
137.756000 33.406000 -4.068624
137.744000 33.402000 -4.079726
137.734000 33.400000 -4.083260
137.722000 33.398000 -4.084853
137.709000 33.394000 -4.098237
137.700000 33.391000 -4.098060
137.687000 33.391000 -4.097318
137.673000 33.389000 -4.101013
137.663000 33.388000 -4.104276
137.652000 33.385000 -4.103358
137.636000 33.381000 -4.106380
137.621000 33.375000 -4.106992
137.612000 33.370000 -4.107422
137.603000 33.364000 -4.102674
137.595000 33.358000 -4.098255
137.583000 33.349000 -4.097516
137.574000 33.339000 -4.094673
137.568000 33.330000 -4.098352
137.561000 33.320000 -4.121055
137.552000 33.311000 -4.105102
137.543000 33.304000 -4.105701
137.529000 33.299000 -4.074077
137.519000 33.298000 -4.038194
137.505000 33.295000 -4.059460
137.491000 33.293000 -4.137548
137.476000 33.290000 -4.120362
137.463000 33.287000 -4.141435
137.447000 33.282000 -4.129741
137.432000 33.275000 -4.109870
137.420000 33.269000 -4.114574
137.411000 33.265000 -4.155404
137.399000 33.258000 -4.173714
137.387000 33.249000 -4.208053
137.372000 33.241000 -4.220707
137.355000 33.235000 -4.210226
137.341000 33.234000 -4.215807
137.327000 33.236000 -4.235892
137.310000 33.232000 -4.239294
137.292000 33.225000 -4.208450
137.280000 33.217000 -4.196701
137.268000 33.211000 -4.210413
137.255000 33.207000 -4.243461
137.241000 33.204000 -4.265443
137.230000 33.200000 -4.269578
137.217000 33.199000 -4.277401
137.207000 33.197000 -4.283230
137.199000 33.195000 -4.292310
137.193000 33.194000 -4.295742
137.187000 33.189000 -4.294554
137.181000 33.183000 -4.267151
137.175000 33.176000 -4.256680
137.169000 33.168000 -4.249450
137.169000 33.168000 -4.249450
137.162000 33.162000 -4.324070
137.156000 33.155000 -4.311370
137.151000 33.148000 -4.312968
137.146000 33.138000 -4.323661
137.139000 33.130000 -4.325131
137.130000 33.116000 -4.331178
137.125000 33.106000 -4.330770
137.118000 33.098000 -4.326850
137.113000 33.091000 -4.320217
137.104000 33.081000 -4.314385
137.095000 33.074000 -4.320251
137.085000 33.067000 -4.317410
137.074000 33.063000 -4.327894
137.060000 33.057000 -4.334040
137.050000 33.055000 -4.340076
137.041000 33.053000 -4.342548
137.031000 33.052000 -4.348803
137.020000 33.051000 -4.354095
137.010000 33.049000 -4.353172
137.004000 33.047000 -4.355425
137.000000 33.047000 -4.356591
136.984000 33.042000 -4.359372
136.971000 33.037000 -4.367243
136.960000 33.031000 -4.352268
136.949000 33.026000 -4.346129
136.939000 33.022000 -4.344534
136.925000 33.017000 -4.348380
136.910000 33.014000 -4.355588
136.899000 33.010000 -4.361374
136.888000 33.008000 -4.375029
136.875000 33.005000 -4.388008
136.864000 33.001000 -4.397650
136.858000 33.001000 -4.402382
136.845000 32.993000 -4.402012
136.832000 32.986000 -4.425270
136.820000 32.979000 -4.415231
136.808000 32.972000 -4.385152
136.796000 32.965000 -4.392156
136.788000 32.960000 -4.412886
136.779000 32.954000 -4.422863
136.769000 32.948000 -4.420546
136.757000 32.941000 -4.421814
136.744000 32.934000 -4.445442
136.732000 32.928000 -4.431151
136.719000 32.921000 -4.441740
136.705000 32.915000 -4.444908
136.690000 32.908000 -4.436550
136.676000 32.902000 -4.438239
136.658000 32.894000 -4.446900
136.641000 32.887000 -4.464594
136.621000 32.879000 -4.456023
136.601000 32.871000 -4.476049
136.585000 32.864000 -4.482392
136.570000 32.859000 -4.482296
136.555000 32.851000 -4.503406
136.526000 32.842000 -4.491827
136.503000 32.833000 -4.487464
136.483000 32.825000 -4.545160
136.462000 32.818000 -4.545173
136.439000 32.810000 -4.541206
136.414000 32.804000 -4.553709
136.398000 32.803000 -4.558412
136.382000 32.806000 -4.493551
136.366000 32.808000 -4.425164
136.345000 32.808000 -4.421004
136.329000 32.807000 -4.503926
136.311000 32.806000 -4.505634
136.287000 32.801000 -4.517501
136.263000 32.795000 -4.541714
136.246000 32.792000 -4.541698
136.235000 32.790000 -4.511040
136.227000 32.787000 -4.470702
136.217000 32.781000 -4.491914
136.211000 32.773000 -4.538697
136.202000 32.763000 -4.574571
136.193000 32.756000 -4.585436
136.181000 32.748000 -4.597660
136.164000 32.743000 -4.599237
136.149000 32.741000 -4.596759
136.138000 32.742000 -4.591664
136.123000 32.742000 -4.578960
136.105000 32.742000 -4.553153
136.092000 32.740000 -4.535682
136.075000 32.736000 -4.525673
136.064000 32.732000 -4.523128
136.053000 32.730000 -4.525985
136.043000 32.725000 -4.529070
136.034000 32.721000 -4.525710
136.023000 32.717000 -4.541154
136.013000 32.714000 -4.542939
136.005000 32.711000 -4.559611
135.995000 32.708000 -4.564703
135.981000 32.705000 -4.539711
135.966000 32.701000 -4.522132
135.953000 32.697000 -4.536104
135.940000 32.692000 -4.580550
135.927000 32.689000 -4.604101
135.911000 32.686000 -4.629069
135.901000 32.684000 -4.626456
135.890000 32.684000 -4.624290
135.879000 32.686000 -4.595918
135.866000 32.688000 -4.511841
135.852000 32.691000 -4.533965
135.840000 32.694000 -4.531294
135.827000 32.694000 -4.515994
135.816000 32.694000 -4.493552
135.802000 32.692000 -4.515225
135.789000 32.689000 -4.637036
135.773000 32.683000 -4.680225
135.761000 32.680000 -4.665147
135.751000 32.675000 -4.682350
135.739000 32.670000 -4.697668
135.726000 32.666000 -4.705964
135.714000 32.660000 -4.709774
135.702000 32.657000 -4.711744
135.686000 32.653000 -4.722124
135.669000 32.652000 -4.731842
135.647000 32.650000 -4.738287
135.625000 32.649000 -4.738380
135.599000 32.647000 -4.742996
135.578000 32.646000 -4.738663
135.557000 32.645000 -4.756098
135.539000 32.645000 -4.754741
135.509000 32.647000 -4.706682
135.484000 32.647000 -4.690286
135.464000 32.647000 -4.629668
135.447000 32.649000 -4.544128
135.431000 32.647000 -4.520099
135.417000 32.644000 -4.578845
135.410000 32.642000 -4.604652
135.406000 32.639000 -4.657130
135.398000 32.635000 -4.710948
135.389000 32.630000 -4.739599
135.381000 32.626000 -4.759827
135.369000 32.623000 -4.755259
135.357000 32.621000 -4.757304
135.345000 32.624000 -4.736243
135.337000 32.628000 -4.692044
135.324000 32.633000 -4.615540
135.314000 32.637000 -4.577967
135.301000 32.640000 -4.572704
135.293000 32.640000 -4.627412
135.282000 32.638000 -4.715042
135.275000 32.636000 -4.733701
135.267000 32.632000 -4.726739
135.257000 32.628000 -4.736849
135.249000 32.625000 -4.743110
135.236000 32.622000 -4.733062
135.222000 32.622000 -4.725816
135.211000 32.623000 -4.727447
135.199000 32.624000 -4.698025
135.186000 32.627000 -4.644833
135.182000 32.628000 -4.628328
135.171000 32.629000 -4.607682
135.159000 32.629000 -4.614344
135.150000 32.625000 -4.628000
135.144000 32.619000 -4.634373
135.139000 32.614000 -4.634181
135.133000 32.606000 -4.625001
135.127000 32.597000 -4.621352
135.120000 32.591000 -4.615799
135.114000 32.583000 -4.615695
135.109000 32.580000 -4.622557
135.106000 32.577000 -4.631484
135.097000 32.574000 -4.642809
135.090000 32.571000 -4.650293
135.079000 32.568000 -4.612387
135.069000 32.563000 -4.620867
135.054000 32.559000 -4.625784
135.042000 32.557000 -4.620671
135.033000 32.555000 -4.596430
135.022000 32.553000 -4.575698
135.011000 32.551000 -4.559823
135.003000 32.547000 -4.556462
134.999000 32.543000 -4.551766
134.990000 32.540000 -4.542600
134.983000 32.534000 -4.534300
134.978000 32.528000 -4.530742
134.974000 32.521000 -4.531088
134.972000 32.515000 -4.525387
134.970000 32.508000 -4.520511
134.969000 32.499000 -4.526275
134.970000 32.492000 -4.543470
134.972000 32.487000 -4.552887
134.975000 32.480000 -4.549849
134.980000 32.472000 -4.541250
134.983000 32.463000 -4.511469
134.985000 32.456000 -4.518624
134.985000 32.447000 -4.557704
134.980000 32.438000 -4.595754
134.976000 32.431000 -4.591388
134.972000 32.424000 -4.585498
134.967000 32.416000 -4.585143
134.960000 32.409000 -4.565152
134.955000 32.403000 -4.554475
134.948000 32.395000 -4.563209
134.939000 32.387000 -4.557212
134.933000 32.381000 -4.574750
134.924000 32.375000 -4.575020
134.914000 32.369000 -4.583952
134.905000 32.363000 -4.573322
134.891000 32.356000 -4.504382
134.878000 32.344000 -4.482148
134.866000 32.337000 -4.479692
134.853000 32.327000 -4.510773
134.841000 32.318000 -4.552580
134.828000 32.307000 -4.489601
134.818000 32.299000 -4.407924
134.805000 32.291000 -4.393122
134.785000 32.283000 -4.429396
134.769000 32.279000 -4.484836
134.756000 32.276000 -4.388027
134.743000 32.273000 -4.372287
134.726000 32.270000 -4.462291
134.703000 32.266000 -4.494973
134.690000 32.264000 -4.488254
134.681000 32.260000 -4.523750
134.677000 32.256000 -4.565865
134.669000 32.250000 -4.570410
134.660000 32.243000 -4.535942
134.650000 32.238000 -4.500124
134.640000 32.232000 -4.515018
134.633000 32.224000 -4.562884
134.628000 32.217000 -4.629002
134.622000 32.211000 -4.638328
134.617000 32.206000 -4.591705
134.611000 32.202000 -4.550194
134.603000 32.201000 -4.573770
134.592000 32.199000 -4.642754
134.579000 32.197000 -4.717699
134.572000 32.196000 -4.718230
134.560000 32.191000 -4.680126
134.546000 32.188000 -4.752957
134.539000 32.186000 -4.709483
134.528000 32.181000 -4.660836
134.515000 32.178000 -4.662078
134.502000 32.171000 -4.739127
134.493000 32.166000 -4.750526
134.482000 32.163000 -4.763750
134.467000 32.161000 -4.740324
134.452000 32.158000 -4.752963
134.439000 32.156000 -4.713166
134.428000 32.152000 -4.709557
134.417000 32.147000 -4.698735
134.405000 32.141000 -4.659825
134.390000 32.131000 -4.672990
134.382000 32.121000 -4.663572
134.372000 32.114000 -4.625606
134.362000 32.106000 -4.641484
134.352000 32.100000 -4.629690
134.345000 32.096000 -4.638758
134.337000 32.093000 -4.642680
134.328000 32.093000 -4.648770
134.320000 32.093000 -4.656548
134.309000 32.089000 -4.658253
134.309000 32.089000 -4.658253
134.299000 32.083000 -4.646681
134.287000 32.074000 -4.637037
134.277000 32.066000 -4.641529
134.269000 32.057000 -4.665277
134.264000 32.051000 -4.660607
134.259000 32.041000 -4.694848
134.256000 32.034000 -4.723530
134.253000 32.028000 -4.726614
134.246000 32.019000 -4.719267
134.240000 32.012000 -4.705717
134.234000 32.008000 -4.698407
134.231000 32.002000 -4.724608
134.226000 31.995000 -4.786464
134.220000 31.990000 -4.797792
134.213000 31.984000 -4.806659
134.206000 31.978000 -4.814692
134.198000 31.971000 -4.839118
134.189000 31.965000 -4.839542
134.177000 31.960000 -4.830490
134.167000 31.955000 -4.812182
134.159000 31.951000 -4.809724
134.148000 31.946000 -4.776875
134.138000 31.941000 -4.782783
134.127000 31.936000 -4.819486
134.118000 31.933000 -4.811569
134.105000 31.928000 -4.817913
134.095000 31.923000 -4.831371
134.082000 31.918000 -4.853964
134.072000 31.912000 -4.854562
134.060000 31.907000 -4.849780
134.046000 31.899000 -4.850066
134.036000 31.894000 -4.863192
134.026000 31.888000 -4.849366
134.017000 31.884000 -4.841294
134.005000 31.879000 -4.852652
133.990000 31.869000 -4.847160
133.981000 31.864000 -4.857378
133.964000 31.859000 -4.849612
133.947000 31.852000 -4.849918
133.932000 31.847000 -4.850941
133.916000 31.840000 -4.840376
133.902000 31.833000 -4.840484
133.890000 31.826000 -4.852294
133.878000 31.819000 -4.847471
133.863000 31.810000 -4.848091
133.846000 31.799000 -4.857609
133.830000 31.789000 -4.861145
133.819000 31.783000 -4.855802
133.803000 31.776000 -4.838006
133.787000 31.768000 -4.845030
133.770000 31.760000 -4.886519
133.752000 31.751000 -4.856448
133.733000 31.740000 -4.849382
133.713000 31.730000 -4.853487
133.697000 31.721000 -4.856252
133.681000 31.713000 -4.853518
133.669000 31.704000 -4.857234
133.656000 31.698000 -4.867223
133.644000 31.691000 -4.874588
133.632000 31.689000 -4.874104
133.618000 31.687000 -4.837716
133.610000 31.682000 -4.846634
133.601000 31.676000 -4.850482
133.588000 31.665000 -4.851790
133.578000 31.657000 -4.860134
133.574000 31.651000 -4.874398
133.568000 31.641000 -4.889740
133.561000 31.636000 -4.889116
133.552000 31.632000 -4.888045
133.542000 31.631000 -4.884505
133.529000 31.632000 -4.867155
133.519000 31.631000 -4.860797
133.513000 31.629000 -4.862680
133.506000 31.625000 -4.865870
133.498000 31.619000 -4.870680
133.493000 31.611000 -4.880165
133.493000 31.605000 -4.886430
133.484000 31.600000 -4.888790
133.473000 31.593000 -4.886638
133.460000 31.586000 -4.892306
133.446000 31.581000 -4.893596
133.434000 31.576000 -4.896924
133.424000 31.570000 -4.899518
133.414000 31.563000 -4.901310
133.402000 31.557000 -4.897256
133.387000 31.554000 -4.888630
133.375000 31.550000 -4.882250
133.362000 31.543000 -4.878985
133.352000 31.537000 -4.877272
133.340000 31.529000 -4.881179
133.330000 31.523000 -4.877714
133.320000 31.515000 -4.887496
133.313000 31.510000 -4.882557
133.309000 31.502000 -4.868278
133.303000 31.492000 -4.876173
133.300000 31.482000 -4.864240
133.296000 31.471000 -4.882553
133.294000 31.458000 -4.881746
133.291000 31.446000 -4.881145
133.288000 31.432000 -4.881899
133.284000 31.417000 -4.879220
133.281000 31.405000 -4.867999
133.275000 31.396000 -4.832648
133.270000 31.387000 -4.802238
133.270000 31.380000 -4.808900
133.272000 31.371000 -4.833542
133.274000 31.362000 -4.848517
133.270000 31.350000 -4.854409
133.266000 31.337000 -4.835854
133.262000 31.325000 -4.816799
133.264000 31.315000 -4.815950
133.263000 31.304000 -4.815443
133.256000 31.289000 -4.808841
133.253000 31.279000 -4.797875
133.249000 31.271000 -4.795640
133.240000 31.261000 -4.785272
133.231000 31.249000 -4.781313
133.219000 31.234000 -4.776100
133.210000 31.220000 -4.780418
133.199000 31.204000 -4.766643
133.190000 31.190000 -4.763560
133.174000 31.177000 -4.747216
133.161000 31.173000 -4.746026
133.147000 31.168000 -4.740584
133.135000 31.162000 -4.744675
133.124000 31.155000 -4.742879
133.109000 31.149000 -4.733115
133.100000 31.145000 -4.744009
133.091000 31.137000 -4.754300
133.078000 31.128000 -4.755277
133.065000 31.120000 -4.740780
133.049000 31.113000 -4.758526
133.036000 31.104000 -4.763126
133.029000 31.093000 -4.756302
133.023000 31.080000 -4.789643
133.014000 31.069000 -4.775779
133.002000 31.062000 -4.776409
132.988000 31.056000 -4.776963
132.974000 31.046000 -4.793723
132.961000 31.042000 -4.805292
132.946000 31.040000 -4.794860
132.929000 31.041000 -4.791994
132.910000 31.039000 -4.807758
132.899000 31.036000 -4.834418
132.888000 31.032000 -4.840001
132.871000 31.027000 -4.910541
132.858000 31.020000 -4.917117
132.849000 31.014000 -4.893520
132.838000 31.007000 -4.872408
132.830000 31.000000 -4.866556
132.823000 30.986000 -4.853798
132.818000 30.980000 -4.859904
132.814000 30.973000 -4.779404
132.810000 30.964000 -4.653360
132.805000 30.949000 -4.557114
132.802000 30.937000 -4.601766
132.799000 30.926000 -4.580263
132.796000 30.915000 -4.573909
132.793000 30.904000 -4.560757
132.787000 30.893000 -4.515996
132.780000 30.882000 -4.626139
132.774000 30.875000 -4.746810
132.765000 30.868000 -4.562866
132.758000 30.865000 -4.554400
132.749000 30.861000 -4.871556
132.743000 30.854000 -4.871065
132.738000 30.848000 -4.863693
132.735000 30.836000 -4.746124
132.738000 30.823000 -4.696568
132.742000 30.811000 -4.479208
132.746000 30.800000 -4.092301
132.747000 30.786000 -4.400486
132.747000 30.777000 -4.266742
132.742000 30.763000 -3.879086
132.738000 30.754000 -3.747300
132.729000 30.743000 -3.899021
132.721000 30.737000 -3.865560
132.712000 30.724000 -3.931158
132.703000 30.708000 -4.012754
132.695000 30.692000 -4.020731
132.689000 30.677000 -4.637353
132.683000 30.661000 -4.311052
132.679000 30.648000 -4.393043
132.675000 30.634000 -4.693170
132.670000 30.618000 -4.588543
132.667000 30.595000 -4.385227
132.663000 30.579000 -4.321428
132.659000 30.555000 -4.247737
132.659000 30.536000 -4.134421
132.657000 30.515000 -4.244298
132.655000 30.494000 -4.349954
132.653000 30.478000 -4.350364
132.654000 30.457000 -4.312262
132.652000 30.444000 -4.298968
132.651000 30.426000 -4.283896
132.648000 30.413000 -4.305537
132.646000 30.399000 -4.324052
132.646000 30.384000 -4.325721
132.646000 30.369000 -4.330621
132.646000 30.361000 -4.317486
132.645000 30.349000 -4.282485
132.644000 30.331000 -4.171043
132.643000 30.320000 -4.101622
132.641000 30.309000 -4.109957
132.638000 30.298000 -4.082539
132.634000 30.287000 -4.068863
132.628000 30.275000 -4.046626
132.621000 30.264000 -4.031705
132.611000 30.254000 -4.016752
132.604000 30.246000 -4.018786
132.595000 30.238000 -4.027931
132.579000 30.228000 -4.030237
132.565000 30.224000 -4.053206
132.551000 30.221000 -4.049533
132.533000 30.219000 -4.011531
132.515000 30.221000 -4.041312
132.497000 30.224000 -4.151442
132.478000 30.230000 -4.337557
132.465000 30.230000 -4.457408
132.451000 30.229000 -4.587398
132.439000 30.225000 -4.521131
132.424000 30.217000 -4.277836
132.415000 30.211000 -4.127350
132.407000 30.200000 -3.960860
132.397000 30.187000 -3.916123
132.386000 30.168000 -4.051440
132.378000 30.154000 -4.290362
132.371000 30.142000 -4.356722
132.361000 30.129000 -4.289820
132.351000 30.119000 -4.300085
132.336000 30.110000 -4.369292
132.320000 30.101000 -4.387785
132.303000 30.092000 -4.170230
132.290000 30.085000 -4.013540
132.276000 30.079000 -4.085791
132.263000 30.073000 -4.279687
132.245000 30.067000 -4.247266
132.225000 30.059000 -4.139440
132.204000 30.047000 -4.030789
132.193000 30.035000 -3.939690
132.184000 30.021000 -3.966607
132.178000 30.010000 -4.052034
132.175000 29.999000 -4.232880
132.170000 29.987000 -4.264985
132.163000 29.970000 -4.335696
132.157000 29.958000 -4.470134
132.151000 29.943000 -4.662737
132.144000 29.927000 -4.845677
132.141000 29.910000 -4.910364
132.140000 29.893000 -4.919234
132.140000 29.877000 -4.951456
132.140000 29.863000 -4.997341
132.142000 29.849000 -5.054454
132.147000 29.832000 -5.118901
132.154000 29.813000 -5.208449
132.154000 29.813000 -5.208449
132.160000 29.794000 -5.273550
132.168000 29.776000 -5.326658
132.173000 29.761000 -5.375806
132.177000 29.743000 -5.461057
132.179000 29.724000 -5.564198
132.178000 29.711000 -5.621420
132.176000 29.699000 -5.652394
132.171000 29.685000 -5.661569
132.164000 29.671000 -5.665557
132.152000 29.655000 -5.665233
132.143000 29.640000 -5.667936
132.136000 29.622000 -5.670164
132.128000 29.607000 -5.667505
132.122000 29.594000 -5.667149
132.119000 29.581000 -5.666336
132.117000 29.569000 -5.664272
132.120000 29.548000 -5.633613
132.122000 29.535000 -5.632761
132.120000 29.515000 -5.633093
132.119000 29.500000 -5.652680
132.116000 29.483000 -5.666455
132.111000 29.470000 -5.590848
132.100000 29.457000 -5.561930
132.090000 29.444000 -5.587784
132.075000 29.430000 -5.619318
132.063000 29.420000 -5.616030
132.052000 29.412000 -5.605910
132.042000 29.407000 -5.592691
132.030000 29.398000 -5.579787
132.019000 29.388000 -5.605184
132.011000 29.378000 -5.631636
132.004000 29.368000 -5.647931
131.999000 29.358000 -5.628155
131.992000 29.347000 -5.641491
131.988000 29.336000 -5.655039
131.985000 29.325000 -5.647600
131.983000 29.314000 -5.645755
131.981000 29.302000 -5.651038
131.981000 29.288000 -5.660941
131.984000 29.277000 -5.666142
131.987000 29.265000 -5.677704
131.989000 29.252000 -5.688921
131.989000 29.237000 -5.680474
131.989000 29.225000 -5.670149
131.989000 29.213000 -5.668980
131.987000 29.200000 -5.675298
131.984000 29.189000 -5.685761
131.981000 29.177000 -5.697592
131.975000 29.165000 -5.686100
131.969000 29.154000 -5.687105
131.962000 29.141000 -5.688233
131.954000 29.129000 -5.693060
131.945000 29.117000 -5.695152
131.939000 29.107000 -5.695980
131.931000 29.101000 -5.698933
131.925000 29.094000 -5.700720
131.911000 29.090000 -5.701686
131.885000 29.068000 -5.666130
131.867000 29.051000 -5.530079
131.854000 29.034000 -5.587089
131.836000 29.013000 -5.661519
131.811000 28.993000 -5.683419
131.787000 28.968000 -5.685046
131.761000 28.948000 -5.680667
131.738000 28.926000 -5.681037
131.720000 28.899000 -5.633174
131.696000 28.877000 -5.523077
131.671000 28.859000 -5.321309
131.640000 28.833000 -5.131580
131.617000 28.813000 -5.034738
131.592000 28.795000 -4.850728
131.560000 28.774000 -4.687680
131.539000 28.759000 -4.680038
131.521000 28.744000 -4.602190
131.505000 28.730000 -4.498010
131.487000 28.714000 -4.514508
131.471000 28.700000 -4.592139
131.455000 28.682000 -4.666773
131.433000 28.665000 -4.404012
131.411000 28.637000 -3.950025
131.398000 28.615000 -4.198560
131.381000 28.594000 -4.732042
131.365000 28.573000 -4.813710
131.349000 28.549000 -4.804276
131.326000 28.523000 -4.790102
131.308000 28.505000 -4.772486
131.288000 28.488000 -4.734378
131.259000 28.463000 -4.531092
131.233000 28.443000 -4.390145
131.215000 28.429000 -4.383142
131.195000 28.418000 -4.293174
131.175000 28.406000 -4.237470
131.142000 28.392000 -4.391686
131.119000 28.379000 -4.463345
131.087000 28.364000 -4.453694
131.064000 28.347000 -4.454357
131.051000 28.332000 -4.440978
131.033000 28.321000 -4.471341
131.018000 28.308000 -4.493538
131.001000 28.292000 -4.472506
130.995000 28.289000 -4.419129
130.979000 28.267000 -4.281410
130.969000 28.253000 -4.221739
130.962000 28.233000 -4.335858
130.945000 28.214000 -4.504785
130.922000 28.195000 -4.506470
130.891000 28.169000 -4.262774
130.885000 28.162000 -4.274930
130.864000 28.137000 -4.260992
130.849000 28.114000 -4.357285
130.835000 28.100000 -4.438450
130.816000 28.080000 -4.651617
130.803000 28.053000 -4.725878
130.784000 28.029000 -5.001527
130.765000 28.008000 -5.293832
130.743000 27.978000 -5.492779
130.725000 27.956000 -5.450670
130.710000 27.943000 -5.476790
130.698000 27.931000 -5.511652
130.679000 27.911000 -6.039585
130.662000 27.895000 -6.447921
130.643000 27.879000 -6.706124
130.632000 27.858000 -6.703439
130.624000 27.844000 -6.580696
130.613000 27.826000 -6.704118
130.609000 27.809000 -6.830450
130.608000 27.789000 -6.907847
130.613000 27.775000 -6.843188
130.624000 27.756000 -6.578160
130.635000 27.732000 -6.020176
130.651000 27.710000 -5.432550
130.671000 27.687000 -4.711886
130.693000 27.666000 -4.306091
130.709000 27.645000 -4.597382
130.725000 27.627000 -4.765370
130.741000 27.610000 -4.781474
130.752000 27.594000 -4.801068
130.762000 27.579000 -4.788207
130.765000 27.563000 -4.852384
130.767000 27.547000 -4.989658
130.770000 27.527000 -5.184886
130.767000 27.516000 -5.250899
130.767000 27.491000 -5.354009
130.755000 27.458000 -5.466513
130.749000 27.428000 -5.673206
130.741000 27.393000 -6.280015
130.740000 27.365000 -6.576670
130.737000 27.348000 -6.644460
130.738000 27.317000 -6.656567
130.735000 27.295000 -6.465699
130.734000 27.270000 -6.283230
130.731000 27.248000 -6.079576
130.732000 27.222000 -5.548433
130.721000 27.188000 -4.675035
130.714000 27.162000 -5.930905
130.702000 27.134000 -5.675379
130.692000 27.111000 -5.596041
130.681000 27.093000 -5.628670
130.661000 27.062000 -5.758358
130.643000 27.038000 -5.724903
130.622000 27.017000 -5.659996
130.604000 26.997000 -5.478646
130.581000 26.983000 -5.721714
130.552000 26.970000 -5.770680
130.530000 26.968000 -5.773683
130.518000 26.964000 -5.749777
130.503000 26.961000 -5.738960
130.481000 26.961000 -5.636076
130.461000 26.957000 -5.679528
130.435000 26.954000 -5.673749
130.414000 26.942000 -5.650996
130.395000 26.939000 -5.457572
130.374000 26.931000 -5.361230
130.347000 26.915000 -5.202561
130.319000 26.901000 -5.627424
130.297000 26.887000 -5.820681
130.273000 26.874000 -5.755722
130.246000 26.856000 -6.035927
130.228000 26.839000 -5.814602
130.206000 26.822000 -5.699192
130.185000 26.805000 -5.716326
130.172000 26.788000 -5.643711
130.155000 26.773000 -5.530156
130.141000 26.756000 -5.369597
130.122000 26.739000 -5.389820
130.103000 26.718000 -5.517087
130.089000 26.699000 -5.614837
130.071000 26.680000 -5.550961
130.050000 26.662000 -5.460442
130.038000 26.648000 -5.524135
130.020000 26.631000 -5.799000
130.009000 26.614000 -6.106001
130.000000 26.605000 -6.262540
129.989000 26.600000 -6.414696
129.970000 26.579000 -6.607327
129.939000 26.553000 -6.768175
129.915000 26.533000 -7.989850
129.891000 26.515000 -5.076957
129.865000 26.491000 -5.129490
129.841000 26.469000 -4.266240
129.821000 26.445000 -5.054439
129.803000 26.426000 -5.565184
129.783000 26.401000 -6.204730
129.766000 26.387000 -7.287999
129.743000 26.362000 -8.148762
129.720000 26.340000 -7.059816
129.695000 26.317000 -7.107011
129.672000 26.297000 -6.830476
129.644000 26.274000 -6.765706
129.612000 26.251000 -7.180133
129.583000 26.234000 -8.291334
129.556000 26.209000 -9.308701
129.536000 26.190000 -8.922615
129.510000 26.162000 -7.966869
129.494000 26.134000 -6.395920
129.471000 26.107000 -4.599573
129.450000 26.077000 -6.482921
129.432000 26.046000 -6.780670
129.415000 26.023000 -5.839503
129.397000 26.000000 -5.864800
129.385000 25.972000 -5.861920
129.370000 25.947000 -5.861920
129.351000 25.929000 -5.866840
129.327000 25.902000 -5.871520
129.304000 25.879000 -5.877040
129.277000 25.859000 -5.886040
129.253000 25.841000 -5.893960
129.230000 25.824000 -5.901640
129.205000 25.807000 -5.910520
129.189000 25.793000 -5.915080
129.164000 25.770000 -5.921800
129.136000 25.751000 -5.931760
129.114000 25.727000 -5.936320
129.096000 25.713000 -5.942080
129.077000 25.687000 -5.944120
129.051000 25.666000 -5.952160
129.026000 25.642000 -5.958520
129.004000 25.616000 -5.962360
128.977000 25.597000 -5.971720
128.953000 25.578000 -5.979280
128.929000 25.556000 -5.985760
128.909000 25.539000 -5.991640
128.886000 25.512000 -5.995720
128.865000 25.487000 -5.999320
128.852000 25.473000 -6.002080
128.832000 25.458000 -6.008680
128.820000 25.443000 -6.010480
128.802000 25.426000 -6.015160
128.790000 25.411000 -6.016960
128.773000 25.400000 -6.023200
128.748000 25.392000 -6.035320
128.724000 25.386000 -6.047560
128.702000 25.384000 -6.060040
128.674000 25.376000 -6.073960
128.640000 25.366000 -6.090760
128.640000 25.366000 -6.090760
128.612000 25.357000 -6.104320
128.579000 25.343000 -6.119080
128.554000 25.329000 -6.129040
128.530000 25.315000 -6.138400
128.505000 25.299000 -6.147640
128.480000 25.285000 -6.157600
128.452000 25.266000 -6.167560
128.424000 25.246000 -6.177160
128.385000 25.217000 -6.190120
128.354000 25.194000 -6.200440
128.326000 25.175000 -6.210400
128.290000 25.148000 -6.222280
128.253000 25.120000 -6.234400
128.223000 25.098000 -6.244480
128.190000 25.073000 -6.255280
128.158000 25.053000 -6.267280
128.124000 25.037000 -6.281920
128.100000 25.020000 -6.290200
128.081000 25.006000 -6.296560
128.065000 24.995000 -6.302200
128.053000 24.981000 -6.304360
128.023000 24.959000 -6.314440
127.989000 24.928000 -6.323680
127.975000 24.909000 -6.325240
127.959000 24.878000 -6.323680
127.939000 24.857000 -6.328120
127.914000 24.831000 -6.333760
127.884000 24.799000 -6.340240
127.856000 24.764000 -6.344440
127.823000 24.738000 -6.354880
127.789000 24.717000 -6.367720
127.752000 24.697000 -6.382720
127.718000 24.679000 -6.396640
127.673000 24.668000 -6.419680
127.635000 24.664000 -6.441040
127.598000 24.666000 -6.463960
127.567000 24.663000 -6.481480
127.539000 24.656000 -6.495760
127.506000 24.646000 -6.511960
127.479000 24.623000 -6.519880
127.442000 24.592000 -6.530920
127.415000 24.570000 -6.539200
127.382000 24.548000 -6.551080
127.349000 24.521000 -6.561160
127.319000 24.496000 -6.570160
127.288000 24.471000 -6.579760
127.264000 24.447000 -6.585520
127.236000 24.420000 -6.592600
127.218000 24.400000 -6.596200
127.192000 24.367000 -6.599920
127.171000 24.337000 -6.601720
127.157000 24.315000 -6.602200
127.129000 24.286000 -6.608560
127.097000 24.249000 -6.614440
127.070000 24.210000 -6.616600
127.049000 24.171000 -6.615160
127.033000 24.142000 -6.614320
127.008000 24.115000 -6.619600
126.985000 24.091000 -6.624760
126.958000 24.077000 -6.635920
126.934000 24.071000 -6.648160
126.915000 24.065000 -6.657400
126.880000 24.054000 -6.674440
126.845000 24.042000 -6.691120
126.812000 24.032000 -6.707320
126.787000 24.021000 -6.718360
126.750000 24.002000 -6.733720
126.718000 23.987000 -6.747520
126.694000 23.974000 -6.757240
126.666000 23.955000 -6.767200
126.632000 23.928000 -6.777880
126.614000 23.907000 -6.781120
126.595000 23.887000 -6.785320
126.575000 23.862000 -6.788320
126.546000 23.837000 -6.796720
126.515000 23.807000 -6.804520
126.471000 23.785000 -6.823000
126.426000 23.768000 -6.843880
126.380000 23.755000 -6.866800
126.337000 23.747000 -6.889720
126.299000 23.741000 -6.910360
126.254000 23.730000 -6.933400
126.209000 23.714000 -6.954640
126.163000 23.700000 -6.977200
126.133000 23.679000 -6.987640
126.088000 23.652000 -7.004920
126.051000 23.632000 -7.019920
126.027000 23.614000 -7.027840
126.001000 23.592000 -7.035520
125.965000 23.565000 -7.047400
125.941000 23.544000 -7.054240
125.923000 23.525000 -7.058200
125.903000 23.505000 -7.063000
125.881000 23.485000 -7.069000
125.873000 23.480000 -7.072000
125.850000 23.467000 -7.081120
125.813000 23.452000 -7.097920
125.772000 23.436000 -7.116760
125.735000 23.426000 -7.135360
125.697000 23.415000 -7.154200
125.665000 23.409000 -7.171240
125.615000 23.397000 -7.196920
125.539000 23.383000 -7.237480
125.491000 23.373000 -7.262680
125.444000 23.359000 -7.285840
125.399000 23.346000 -7.308160
125.344000 23.335000 -7.337200
125.291000 23.313000 -7.361080
125.251000 23.288000 -7.376080
125.212000 23.273000 -7.394080
125.161000 23.262000 -7.420720
125.109000 23.254000 -7.449040
125.068000 23.254000 -7.473640
125.023000 23.260000 -7.502800
124.983000 23.264000 -7.528240
124.943000 23.261000 -7.551160
124.898000 23.258000 -7.577080
124.856000 23.254000 -7.600840
124.824000 23.245000 -7.616800
124.783000 23.243000 -7.640680
124.743000 23.236000 -7.662160
124.713000 23.232000 -7.678720
124.682000 23.225000 -7.694800
124.651000 23.217000 -7.710520
124.622000 23.207000 -7.724320
124.595000 23.204000 -7.739440
124.567000 23.200000 -7.754800
124.528000 23.187000 -7.773520
124.499000 23.180000 -7.788400
124.457000 23.169000 -7.809640
124.428000 23.160000 -7.823800
124.384000 23.148000 -7.845880
124.356000 23.150000 -7.863400
124.317000 23.149000 -7.886440
124.281000 23.143000 -7.905880
124.244000 23.141000 -7.927360
124.202000 23.141000 -7.952560
124.170000 23.139000 -7.971040
124.132000 23.142000 -7.994920
124.089000 23.145000 -8.021800
124.050000 23.156000 -8.049160
123.999000 23.167000 -8.083720
123.975000 23.170000 -8.099200
123.927000 23.181000 -8.131960
123.887000 23.188000 -8.158480
123.842000 23.192000 -8.186920
123.802000 23.190000 -8.210200
123.749000 23.181000 -8.238760
123.686000 23.173000 -8.273680
123.634000 23.174000 -8.305240
123.586000 23.170000 -8.332600
123.542000 23.164000 -8.356840
123.508000 23.163000 -8.376880
123.472000 23.153000 -8.394880
123.416000 23.142000 -8.424520
123.379000 23.138000 -8.445280
123.328000 23.133000 -8.474080
123.289000 23.135000 -8.498200
123.248000 23.136000 -8.523160
123.204000 23.139000 -8.550640
123.142000 23.146000 -8.590360
123.099000 23.155000 -8.619400
123.036000 23.165000 -8.660800
122.991000 23.169000 -8.689240
122.954000 23.175000 -8.713600
122.906000 23.175000 -8.742400
122.856000 23.174000 -8.772040
122.800000 23.170000 -8.804200
122.764000 23.165000 -8.824000
122.712000 23.161000 -8.853760
122.673000 23.157000 -8.875720
122.631000 23.158000 -8.901280
122.594000 23.161000 -8.924560
122.553000 23.161000 -8.949160
122.511000 23.173000 -8.978680
122.473000 23.184000 -9.005440
122.423000 23.202000 -9.041920
122.387000 23.230000 -9.073600
122.352000 23.250000 -9.101800
122.328000 23.281000 -9.127360
122.299000 23.314000 -9.156640
122.278000 23.345000 -9.180400
122.244000 23.377000 -9.212320
122.204000 23.402000 -9.245320
122.161000 23.418000 -9.276880
122.114000 23.437000 -9.311920
122.083000 23.446000 -9.333760
122.032000 23.467000 -9.371920
121.990000 23.487000 -9.404320
121.963000 23.503000 -9.426280
121.937000 23.515000 -9.446200
121.909000 23.525000 -9.466600
121.889000 23.545000 -9.485800
121.850000 23.566000 -9.516760
