140.078600 35.304774 -19.817391
140.091562 35.032296 -10.959183
140.251486 35.205384 -17.945558
140.078600 35.304774 -19.817391
>
140.259743 35.395603 -28.292413
140.078600 35.304774 -19.817391
140.251486 35.205384 -17.945558
140.259743 35.395603 -28.292413
>
141.573411 35.046528 -17.995735
141.498353 35.206267 -20.086402
141.383791 35.051434 -17.927254
141.573411 35.046528 -17.995735
>
141.061477 35.754769 -30.222957
140.907511 35.852921 -32.253994
140.866658 35.639234 -28.028371
141.061477 35.754769 -30.222957
>
141.573411 35.046528 -17.995735
141.383791 35.051434 -17.927254
141.445445 34.869657 -15.536231
141.573411 35.046528 -17.995735
>
141.130125 34.882218 -14.086630
141.085966 34.725863 -11.060235
141.264002 34.770271 -12.967381
141.130125 34.882218 -14.086630
>
139.802661 35.291513 -15.522518
139.618708 35.336145 -14.053813
139.745076 35.152412 -11.725817
139.802661 35.291513 -15.522518
>
139.618708 35.336145 -14.053813
139.592492 35.135131 -8.641974
139.745076 35.152412 -11.725817
139.618708 35.336145 -14.053813
>
140.091562 35.032296 -10.959183
139.869543 35.008859 -10.216061
139.969799 34.857953 -6.067065
140.091562 35.032296 -10.959183
>
140.400734 35.003588 -12.102889
140.256272 34.901390 -7.895375
140.429982 34.834637 -7.567129
140.400734 35.003588 -12.102889
>
141.061477 35.754769 -30.222957
140.866658 35.639234 -28.028371
141.057653 35.602483 -27.144296
141.061477 35.754769 -30.222957
>
139.724209 36.083939 -49.089802
139.639618 35.898005 -39.021699
139.811860 35.906092 -39.234679
139.724209 36.083939 -49.089802
>
140.023959 35.930424 -39.600324
139.896953 36.047737 -44.920910
139.811860 35.906092 -39.234679
140.023959 35.930424 -39.600324
>
140.583283 35.281654 -21.562663
140.770507 35.353865 -22.185639
140.572777 35.438058 -27.454304
140.583283 35.281654 -21.562663
>
139.896953 36.047737 -44.920910
139.724209 36.083939 -49.089802
139.811860 35.906092 -39.234679
139.896953 36.047737 -44.920910
>
140.770507 35.353865 -22.185639
140.837657 35.146478 -17.457003
140.985808 35.284931 -20.785054
140.770507 35.353865 -22.185639
>
140.046241 36.127946 -47.127107
139.896953 36.047737 -44.920910
140.023959 35.930424 -39.600324
140.046241 36.127946 -47.127107
>
140.974491 35.460374 -24.430032
140.770507 35.353865 -22.185639
140.985808 35.284931 -20.785054
140.974491 35.460374 -24.430032
>
141.883000 34.212700 -8.700961
141.829842 34.384150 -10.984375
141.645383 34.288685 -6.953278
141.883000 34.212700 -8.700961
>
141.399746 34.675821 -12.385359
141.531084 34.522191 -11.272612
141.562050 34.734873 -14.248761
141.399746 34.675821 -12.385359
>
140.414698 35.517887 -31.832956
140.259743 35.395603 -28.292413
140.414703 35.299547 -23.387674
140.414698 35.517887 -31.832956
>
141.156005 35.232336 -20.235498
141.146138 35.384798 -22.956020
140.985808 35.284931 -20.785054
141.156005 35.232336 -20.235498
>
139.869543 35.008859 -10.216061
140.091562 35.032296 -10.959183
139.919949 35.181494 -14.051729
139.869543 35.008859 -10.216061
>
140.866658 35.639234 -28.028371
140.974491 35.460374 -24.430032
141.057653 35.602483 -27.144296
140.866658 35.639234 -28.028371
>
141.146138 35.384798 -22.956020
140.974491 35.460374 -24.430032
140.985808 35.284931 -20.785054
141.146138 35.384798 -22.956020
>
139.924611 35.775314 -34.967569
140.023959 35.930424 -39.600324
139.811860 35.906092 -39.234679
139.924611 35.775314 -34.967569
>
139.975549 35.480376 -25.636454
140.078600 35.304774 -19.817391
140.133790 35.497148 -30.416641
139.975549 35.480376 -25.636454
>
139.896953 36.047737 -44.920910
140.046241 36.127946 -47.127107
139.878497 36.190287 -52.796135
139.896953 36.047737 -44.920910
>
140.770507 35.353865 -22.185639
140.705899 35.535547 -27.648867
140.572777 35.438058 -27.454304
140.770507 35.353865 -22.185639
>
140.078600 35.304774 -19.817391
140.259743 35.395603 -28.292413
140.133790 35.497148 -30.416641
140.078600 35.304774 -19.817391
>
140.359215 35.719640 -34.496386
140.400070 35.945639 -37.675764
140.208210 35.851358 -37.145617
140.359215 35.719640 -34.496386
>
140.400070 35.945639 -37.675764
140.207407 36.027228 -41.390253
140.208210 35.851358 -37.145617
140.400070 35.945639 -37.675764
>
141.085966 34.725863 -11.060235
141.202917 34.591985 -9.090679
141.264002 34.770271 -12.967381
141.085966 34.725863 -11.060235
>
140.200324 36.172738 -46.597268
140.365640 36.135265 -42.676735
140.262959 36.303093 -50.381053
140.200324 36.172738 -46.597268
>
140.414698 35.517887 -31.832956
140.414703 35.299547 -23.387674
140.572777 35.438058 -27.454304
140.414698 35.517887 -31.832956
>
141.383791 35.051434 -17.927254
141.498353 35.206267 -20.086402
141.316773 35.205820 -20.116122
141.383791 35.051434 -17.927254
>
139.684253 35.576188 -23.393647
139.618708 35.336145 -14.053813
139.811453 35.446395 -20.550393
139.684253 35.576188 -23.393647
>
140.180415 35.687171 -34.563940
140.359215 35.719640 -34.496386
140.208210 35.851358 -37.145617
140.180415 35.687171 -34.563940
>
140.256272 34.901390 -7.895375
140.091562 35.032296 -10.959183
140.124170 34.823510 -4.690069
140.256272 34.901390 -7.895375
>
141.085966 34.725863 -11.060235
141.130125 34.882218 -14.086630
140.987736 34.825754 -12.211888
141.085966 34.725863 -11.060235
>
139.362086 35.806732 -31.683926
139.347086 35.583818 -19.751354
139.542941 35.720021 -28.084582
139.362086 35.806732 -31.683926
>
139.618708 35.336145 -14.053813
139.802661 35.291513 -15.522518
139.811453 35.446395 -20.550393
139.618708 35.336145 -14.053813
>
140.753546 35.951074 -35.113304
140.611190 35.775122 -32.015343
140.767163 35.777939 -29.723038
140.753546 35.951074 -35.113304
>
140.256272 34.901390 -7.895375
140.400734 35.003588 -12.102889
140.280980 35.045466 -12.524143
140.256272 34.901390 -7.895375
>
140.078600 35.304774 -19.817391
139.975549 35.480376 -25.636454
139.918120 35.341119 -18.356289
140.078600 35.304774 -19.817391
>
140.359215 35.719640 -34.496386
140.180415 35.687171 -34.563940
140.271023 35.573239 -33.262242
140.359215 35.719640 -34.496386
>
140.974491 35.460374 -24.430032
140.866658 35.639234 -28.028371
140.828313 35.497520 -25.643078
140.974491 35.460374 -24.430032
>
139.878497 36.190287 -52.796135
140.046241 36.127946 -47.127107
139.997307 36.248801 -54.730964
139.878497 36.190287 -52.796135
>
140.849043 34.850871 -11.695021
140.975472 34.984171 -14.996645
140.808906 34.987344 -14.110971
140.849043 34.850871 -11.695021
>
139.639618 35.898005 -39.021699
139.542941 35.720021 -28.084582
139.744211 35.748284 -31.923715
139.639618 35.898005 -39.021699
>
141.407766 34.364671 -7.235356
141.531084 34.522191 -11.272612
141.356733 34.515074 -9.203227
141.407766 34.364671 -7.235356
>
141.531084 34.522191 -11.272612
141.399746 34.675821 -12.385359
141.356733 34.515074 -9.203227
141.531084 34.522191 -11.272612
>
140.975472 34.984171 -14.996645
141.130125 34.882218 -14.086630
141.182365 35.060185 -17.378272
140.975472 34.984171 -14.996645
>
140.133790 35.497148 -30.416641
140.180415 35.687171 -34.563940
140.024738 35.638320 -32.349947
140.133790 35.497148 -30.416641
>
141.399746 34.675821 -12.385359
141.445445 34.869657 -15.536231
141.264002 34.770271 -12.967381
141.399746 34.675821 -12.385359
>
140.975472 34.984171 -14.996645
140.837657 35.146478 -17.457003
140.808906 34.987344 -14.110971
140.975472 34.984171 -14.996645
>
140.837657 35.146478 -17.457003
140.975472 34.984171 -14.996645
141.029472 35.138851 -18.103693
140.837657 35.146478 -17.457003
>
141.070146 34.466490 -5.466385
141.238956 34.415581 -5.235477
141.202917 34.591985 -9.090679
141.070146 34.466490 -5.466385
>
139.975549 35.480376 -25.636454
140.133790 35.497148 -30.416641
140.024738 35.638320 -32.349947
139.975549 35.480376 -25.636454
>
140.400070 35.945639 -37.675764
140.359215 35.719640 -34.496386
140.489783 35.812730 -34.260242
140.400070 35.945639 -37.675764
>
140.770507 35.353865 -22.185639
140.583283 35.281654 -21.562663
140.676953 35.187212 -18.137671
140.770507 35.353865 -22.185639
>
140.207407 36.027228 -41.390253
140.046241 36.127946 -47.127107
140.023959 35.930424 -39.600324
140.207407 36.027228 -41.390253
>
141.264002 34.770271 -12.967381
141.445445 34.869657 -15.536231
141.285208 34.927062 -15.676014
141.264002 34.770271 -12.967381
>
141.648469 34.886790 -16.204010
141.573411 35.046528 -17.995735
141.445445 34.869657 -15.536231
141.648469 34.886790 -16.204010
>
140.611190 35.775122 -32.015343
140.753546 35.951074 -35.113304
140.579766 35.932384 -35.424661
140.611190 35.775122 -32.015343
>
140.046241 36.127946 -47.127107
140.207407 36.027228 -41.390253
140.200324 36.172738 -46.597268
140.046241 36.127946 -47.127107
>
141.070146 34.466490 -5.466385
141.202917 34.591985 -9.090679
141.031897 34.597781 -8.364228
141.070146 34.466490 -5.466385
>
140.091562 35.032296 -10.959183
140.256272 34.901390 -7.895375
140.280980 35.045466 -12.524143
140.091562 35.032296 -10.959183
>
139.639618 35.898005 -39.021699
139.724209 36.083939 -49.089802
139.526649 36.039511 -49.526105
139.639618 35.898005 -39.021699
>
139.561278 36.222438 -61.146167
139.367860 36.164701 -60.382649
139.526649 36.039511 -49.526105
139.561278 36.222438 -61.146167
>
140.365640 36.135265 -42.676735
140.418672 36.297495 -48.749807
140.262959 36.303093 -50.381053
140.365640 36.135265 -42.676735
>
140.975472 34.984171 -14.996645
140.849043 34.850871 -11.695021
140.987736 34.825754 -12.211888
140.975472 34.984171 -14.996645
>
140.207407 36.027228 -41.390253
140.023959 35.930424 -39.600324
140.208210 35.851358 -37.145617
140.207407 36.027228 -41.390253
>
139.367860 36.164701 -60.382649
139.364973 35.985717 -45.142065
139.526649 36.039511 -49.526105
139.367860 36.164701 -60.382649
>
141.130125 34.882218 -14.086630
140.975472 34.984171 -14.996645
140.987736 34.825754 -12.211888
141.130125 34.882218 -14.086630
>
140.091562 35.032296 -10.959183
140.078600 35.304774 -19.817391
139.919949 35.181494 -14.051729
140.091562 35.032296 -10.959183
>
140.569608 34.597715 -3.641457
140.696814 34.736894 -8.129574
140.529214 34.730405 -6.073640
140.569608 34.597715 -3.641457
>
140.866658 35.639234 -28.028371
140.705899 35.535547 -27.648867
140.828313 35.497520 -25.643078
140.866658 35.639234 -28.028371
>
140.569608 34.597715 -3.641457
140.735472 34.557558 -4.887959
140.696814 34.736894 -8.129574
140.569608 34.597715 -3.641457
>
139.754697 36.280174 -60.655263
139.561278 36.222438 -61.146167
139.724209 36.083939 -49.089802
139.754697 36.280174 -60.655263
>
139.684253 35.576188 -23.393647
139.811453 35.446395 -20.550393
139.861674 35.613394 -28.606737
139.684253 35.576188 -23.393647
>
140.974491 35.460374 -24.430032
141.146138 35.384798 -22.956020
141.161110 35.520650 -25.455263
140.974491 35.460374 -24.430032
>
141.202917 34.591985 -9.090679
141.085966 34.725863 -11.060235
141.031897 34.597781 -8.364228
141.202917 34.591985 -9.090679
>
140.091562 35.032296 -10.959183
139.969799 34.857953 -6.067065
140.124170 34.823510 -4.690069
140.091562 35.032296 -10.959183
>
140.705899 35.535547 -27.648867
140.866658 35.639234 -28.028371
140.696909 35.671345 -29.775379
140.705899 35.535547 -27.648867
>
140.400734 35.003588 -12.102889
140.429982 34.834637 -7.567129
140.542208 34.964817 -12.008471
140.400734 35.003588 -12.102889
>
140.866658 35.639234 -28.028371
140.907511 35.852921 -32.253994
140.767163 35.777939 -29.723038
140.866658 35.639234 -28.028371
>
139.542941 35.720021 -28.084582
139.684253 35.576188 -23.393647
139.744211 35.748284 -31.923715
139.542941 35.720021 -28.084582
>
140.251486 35.205384 -17.945558
140.091562 35.032296 -10.959183
140.280980 35.045466 -12.524143
140.251486 35.205384 -17.945558
>
140.207407 36.027228 -41.390253
140.400070 35.945639 -37.675764
140.365640 36.135265 -42.676735
140.207407 36.027228 -41.390253
>
141.057653 35.602483 -27.144296
140.974491 35.460374 -24.430032
141.161110 35.520650 -25.455263
141.057653 35.602483 -27.144296
>
139.592492 35.135131 -8.641974
139.618708 35.336145 -14.053813
139.473541 35.210847 -7.691821
139.592492 35.135131 -8.641974
>
140.849043 34.850871 -11.695021
140.899120 34.687168 -8.979033
140.987736 34.825754 -12.211888
140.849043 34.850871 -11.695021
>
139.332086 35.360903 -9.456134
139.618708 35.336145 -14.053813
139.511906 35.520975 -18.624724
139.332086 35.360903 -9.456134
>
141.562050 34.734873 -14.248761
141.531084 34.522191 -11.272612
141.658006 34.612771 -13.179769
141.562050 34.734873 -14.248761
>
140.837657 35.146478 -17.457003
140.770507 35.353865 -22.185639
140.676953 35.187212 -18.137671
140.837657 35.146478 -17.457003
>
140.899120 34.687168 -8.979033
141.085966 34.725863 -11.060235
140.987736 34.825754 -12.211888
140.899120 34.687168 -8.979033
>
140.259743 35.395603 -28.292413
140.251486 35.205384 -17.945558
140.414703 35.299547 -23.387674
140.259743 35.395603 -28.292413
>
140.985808 35.284931 -20.785054
140.837657 35.146478 -17.457003
141.029472 35.138851 -18.103693
140.985808 35.284931 -20.785054
>
140.208210 35.851358 -37.145617
140.023959 35.930424 -39.600324
140.072386 35.776517 -35.783867
140.208210 35.851358 -37.145617
>
140.591984 34.840528 -9.325976
140.700181 34.901487 -11.612622
140.542208 34.964817 -12.008471
140.591984 34.840528 -9.325976
>
140.414698 35.517887 -31.832956
140.359215 35.719640 -34.496386
140.271023 35.573239 -33.262242
140.414698 35.517887 -31.832956
>
140.700181 34.901487 -11.612622
140.682178 35.053711 -14.946214
140.542208 34.964817 -12.008471
140.700181 34.901487 -11.612622
>
140.586109 36.124284 -41.477052
140.418672 36.297495 -48.749807
140.365640 36.135265 -42.676735
140.586109 36.124284 -41.477052
>
140.359215 35.719640 -34.496386
140.414698 35.517887 -31.832956
140.547571 35.639850 -31.614511
140.359215 35.719640 -34.496386
>
140.200324 36.172738 -46.597268
140.207407 36.027228 -41.390253
140.365640 36.135265 -42.676735
140.200324 36.172738 -46.597268
>
139.754697 36.280174 -60.655263
139.724209 36.083939 -49.089802
139.878497 36.190287 -52.796135
139.754697 36.280174 -60.655263
>
140.418672 36.297495 -48.749807
140.291651 36.436064 -60.066716
140.262959 36.303093 -50.381053
140.418672 36.297495 -48.749807
>
139.872122 34.727889 -3.526510
140.049329 34.697884 -1.712918
139.969799 34.857953 -6.067065
139.872122 34.727889 -3.526510
>
140.735472 34.557558 -4.887959
140.901336 34.517400 -5.520389
140.899120 34.687168 -8.979033
140.735472 34.557558 -4.887959
>
140.705899 35.535547 -27.648867
140.770507 35.353865 -22.185639
140.828313 35.497520 -25.643078
140.705899 35.535547 -27.648867
>
140.696814 34.736894 -8.129574
140.735472 34.557558 -4.887959
140.899120 34.687168 -8.979033
140.696814 34.736894 -8.129574
>
139.618708 35.336145 -14.053813
139.684253 35.576188 -23.393647
139.511906 35.520975 -18.624724
139.618708 35.336145 -14.053813
>
141.383791 35.051434 -17.927254
141.316773 35.205820 -20.116122
141.182365 35.060185 -17.378272
141.383791 35.051434 -17.927254
>
139.811453 35.446395 -20.550393
139.975549 35.480376 -25.636454
139.861674 35.613394 -28.606737
139.811453 35.446395 -20.550393
>
140.837657 35.146478 -17.457003
140.682178 35.053711 -14.946214
140.808906 34.987344 -14.110971
140.837657 35.146478 -17.457003
>
139.744211 35.748284 -31.923715
139.684253 35.576188 -23.393647
139.861674 35.613394 -28.606737
139.744211 35.748284 -31.923715
>
141.316773 35.205820 -20.116122
141.156005 35.232336 -20.235498
141.182365 35.060185 -17.378272
141.316773 35.205820 -20.116122
>
139.542941 35.720021 -28.084582
139.347086 35.583818 -19.751354
139.511906 35.520975 -18.624724
139.542941 35.720021 -28.084582
>
140.046241 36.127946 -47.127107
140.200324 36.172738 -46.597268
140.119373 36.270159 -53.285039
140.046241 36.127946 -47.127107
>
140.259743 35.395603 -28.292413
140.414698 35.517887 -31.832956
140.271023 35.573239 -33.262242
140.259743 35.395603 -28.292413
>
140.975472 34.984171 -14.996645
141.182365 35.060185 -17.378272
141.029472 35.138851 -18.103693
140.975472 34.984171 -14.996645
>
140.753546 35.951074 -35.113304
140.586109 36.124284 -41.477052
140.579766 35.932384 -35.424661
140.753546 35.951074 -35.113304
>
140.770507 35.353865 -22.185639
140.974491 35.460374 -24.430032
140.828313 35.497520 -25.643078
140.770507 35.353865 -22.185639
>
139.724209 36.083939 -49.089802
139.896953 36.047737 -44.920910
139.878497 36.190287 -52.796135
139.724209 36.083939 -49.089802
>
140.696814 34.736894 -8.129574
140.591984 34.840528 -9.325976
140.529214 34.730405 -6.073640
140.696814 34.736894 -8.129574
>
141.202917 34.591985 -9.090679
141.238956 34.415581 -5.235477
141.356733 34.515074 -9.203227
141.202917 34.591985 -9.090679
>
141.399746 34.675821 -12.385359
141.202917 34.591985 -9.090679
141.356733 34.515074 -9.203227
141.399746 34.675821 -12.385359
>
141.648469 34.886790 -16.204010
141.445445 34.869657 -15.536231
141.562050 34.734873 -14.248761
141.648469 34.886790 -16.204010
>
140.682178 35.053711 -14.946214
140.837657 35.146478 -17.457003
140.676953 35.187212 -18.137671
140.682178 35.053711 -14.946214
>
141.445445 34.869657 -15.536231
141.399746 34.675821 -12.385359
141.562050 34.734873 -14.248761
141.445445 34.869657 -15.536231
>
139.347086 35.583818 -19.751354
139.332086 35.360903 -9.456134
139.511906 35.520975 -18.624724
139.347086 35.583818 -19.751354
>
140.359215 35.719640 -34.496386
140.547571 35.639850 -31.614511
140.489783 35.812730 -34.260242
140.359215 35.719640 -34.496386
>
141.202917 34.591985 -9.090679
141.399746 34.675821 -12.385359
141.264002 34.770271 -12.967381
141.202917 34.591985 -9.090679
>
141.498353 35.206267 -20.086402
141.404049 35.356383 -22.357488
141.316773 35.205820 -20.116122
141.498353 35.206267 -20.086402
>
139.542941 35.720021 -28.084582
139.639618 35.898005 -39.021699
139.487836 35.890180 -38.065005
139.542941 35.720021 -28.084582
>
139.618708 35.336145 -14.053813
139.332086 35.360903 -9.456134
139.473541 35.210847 -7.691821
139.618708 35.336145 -14.053813
>
139.744211 35.748284 -31.923715
139.924611 35.775314 -34.967569
139.811860 35.906092 -39.234679
139.744211 35.748284 -31.923715
>
140.400070 35.945639 -37.675764
140.586109 36.124284 -41.477052
140.365640 36.135265 -42.676735
140.400070 35.945639 -37.675764
>
139.724209 36.083939 -49.089802
139.561278 36.222438 -61.146167
139.526649 36.039511 -49.526105
139.724209 36.083939 -49.089802
>
139.362086 35.806732 -31.683926
139.542941 35.720021 -28.084582
139.487836 35.890180 -38.065005
139.362086 35.806732 -31.683926
>
140.572777 35.438058 -27.454304
140.705899 35.535547 -27.648867
140.547571 35.639850 -31.614511
140.572777 35.438058 -27.454304
>
139.639618 35.898005 -39.021699
139.744211 35.748284 -31.923715
139.811860 35.906092 -39.234679
139.639618 35.898005 -39.021699
>
140.414703 35.299547 -23.387674
140.583283 35.281654 -21.562663
140.572777 35.438058 -27.454304
140.414703 35.299547 -23.387674
>
141.146138 35.384798 -22.956020
141.156005 35.232336 -20.235498
141.274603 35.330876 -22.077957
141.146138 35.384798 -22.956020
>
140.414698 35.517887 -31.832956
140.572777 35.438058 -27.454304
140.547571 35.639850 -31.614511
140.414698 35.517887 -31.832956
>
140.583283 35.281654 -21.562663
140.414703 35.299547 -23.387674
140.525816 35.134767 -16.860038
140.583283 35.281654 -21.562663
>
140.429982 34.834637 -7.567129
140.591984 34.840528 -9.325976
140.542208 34.964817 -12.008471
140.429982 34.834637 -7.567129
>
139.684253 35.576188 -23.393647
139.542941 35.720021 -28.084582
139.511906 35.520975 -18.624724
139.684253 35.576188 -23.393647
>
140.849043 34.850871 -11.695021
140.696814 34.736894 -8.129574
140.899120 34.687168 -8.979033
140.849043 34.850871 -11.695021
>
141.309746 35.506500 -24.924997
141.146138 35.384798 -22.956020
141.274603 35.330876 -22.077957
141.309746 35.506500 -24.924997
>
141.182365 35.060185 -17.378272
141.130125 34.882218 -14.086630
141.285208 34.927062 -15.676014
141.182365 35.060185 -17.378272
>
141.215442 35.656616 -27.879716
141.061477 35.754769 -30.222957
141.057653 35.602483 -27.144296
141.215442 35.656616 -27.879716
>
141.723527 34.727051 -14.604049
141.648469 34.886790 -16.204010
141.562050 34.734873 -14.248761
141.723527 34.727051 -14.604049
>
139.919949 35.181494 -14.051729
140.078600 35.304774 -19.817391
139.918120 35.341119 -18.356289
139.919949 35.181494 -14.051729
>
141.238956 34.415581 -5.235477
141.407766 34.364671 -7.235356
141.356733 34.515074 -9.203227
141.238956 34.415581 -5.235477
>
139.924611 35.775314 -34.967569
139.744211 35.748284 -31.923715
139.861674 35.613394 -28.606737
139.924611 35.775314 -34.967569
>
141.383791 35.051434 -17.927254
141.182365 35.060185 -17.378272
141.285208 34.927062 -15.676014
141.383791 35.051434 -17.927254
>
139.335043 35.140451 -2.342742
139.338000 34.920000 -1.271688
139.480618 35.026123 -4.243230
139.335043 35.140451 -2.342742
>
140.808906 34.987344 -14.110971
140.682178 35.053711 -14.946214
140.700181 34.901487 -11.612622
140.808906 34.987344 -14.110971
>
140.525816 35.134767 -16.860038
140.414703 35.299547 -23.387674
140.379950 35.149035 -16.757190
140.525816 35.134767 -16.860038
>
140.907511 35.852921 -32.253994
140.753546 35.951074 -35.113304
140.767163 35.777939 -29.723038
140.907511 35.852921 -32.253994
>
140.049329 34.697884 -1.712918
140.226537 34.667878 -1.644800
140.124170 34.823510 -4.690069
140.049329 34.697884 -1.712918
>
139.969799 34.857953 -6.067065
139.869543 35.008859 -10.216061
139.820169 34.862964 -6.405843
139.969799 34.857953 -6.067065
>
139.802661 35.291513 -15.522518
139.919949 35.181494 -14.051729
139.918120 35.341119 -18.356289
139.802661 35.291513 -15.522518
>
141.445445 34.869657 -15.536231
141.383791 35.051434 -17.927254
141.285208 34.927062 -15.676014
141.445445 34.869657 -15.536231
>
140.046241 36.127946 -47.127107
140.119373 36.270159 -53.285039
139.997307 36.248801 -54.730964
140.046241 36.127946 -47.127107
>
140.586109 36.124284 -41.477052
140.400070 35.945639 -37.675764
140.579766 35.932384 -35.424661
140.586109 36.124284 -41.477052
>
139.516041 34.855963 -2.111209
139.672302 34.971099 -7.023836
139.480618 35.026123 -4.243230
139.516041 34.855963 -2.111209
>
140.547571 35.639850 -31.614511
140.611190 35.775122 -32.015343
140.489783 35.812730 -34.260242
140.547571 35.639850 -31.614511
>
140.403744 34.637873 -2.610792
140.429982 34.834637 -7.567129
140.297814 34.775259 -4.730952
140.403744 34.637873 -2.610792
>
140.124170 34.823510 -4.690069
140.226537 34.667878 -1.644800
140.297814 34.775259 -4.730952
140.124170 34.823510 -4.690069
>
139.516041 34.855963 -2.111209
139.694081 34.791926 -3.811378
139.672302 34.971099 -7.023836
139.516041 34.855963 -2.111209
>
141.156005 35.232336 -20.235498
141.316773 35.205820 -20.116122
141.274603 35.330876 -22.077957
141.156005 35.232336 -20.235498
>
141.146138 35.384798 -22.956020
141.309746 35.506500 -24.924997
141.161110 35.520650 -25.455263
141.146138 35.384798 -22.956020
>
141.645383 34.288685 -6.953278
141.829842 34.384150 -10.984375
141.688200 34.472680 -11.368528
141.645383 34.288685 -6.953278
>
139.869543 35.008859 -10.216061
139.919949 35.181494 -14.051729
139.745076 35.152412 -11.725817
139.869543 35.008859 -10.216061
>
139.364973 35.985717 -45.142065
139.362086 35.806732 -31.683926
139.487836 35.890180 -38.065005
139.364973 35.985717 -45.142065
>
140.429982 34.834637 -7.567129
140.403744 34.637873 -2.610792
140.529214 34.730405 -6.073640
140.429982 34.834637 -7.567129
>
139.526649 36.039511 -49.526105
139.364973 35.985717 -45.142065
139.487836 35.890180 -38.065005
139.526649 36.039511 -49.526105
>
141.404049 35.356383 -22.357488
141.309746 35.506500 -24.924997
141.274603 35.330876 -22.077957
141.404049 35.356383 -22.357488
>
139.872122 34.727889 -3.526510
139.969799 34.857953 -6.067065
139.820169 34.862964 -6.405843
139.872122 34.727889 -3.526510
>
139.899039 36.311930 -61.374164
139.754697 36.280174 -60.655263
139.878497 36.190287 -52.796135
139.899039 36.311930 -61.374164
>
139.335043 35.140451 -2.342742
139.480618 35.026123 -4.243230
139.473541 35.210847 -7.691821
139.335043 35.140451 -2.342742
>
140.226537 34.667878 -1.644800
140.403744 34.637873 -2.610792
140.297814 34.775259 -4.730952
140.226537 34.667878 -1.644800
>
139.861674 35.613394 -28.606737
139.975549 35.480376 -25.636454
140.024738 35.638320 -32.349947
139.861674 35.613394 -28.606737
>
139.480618 35.026123 -4.243230
139.592492 35.135131 -8.641974
139.473541 35.210847 -7.691821
139.480618 35.026123 -4.243230
>
139.639618 35.898005 -39.021699
139.526649 36.039511 -49.526105
139.487836 35.890180 -38.065005
139.639618 35.898005 -39.021699
>
140.271023 35.573239 -33.262242
140.180415 35.687171 -34.563940
140.133790 35.497148 -30.416641
140.271023 35.573239 -33.262242
>
139.969799 34.857953 -6.067065
140.049329 34.697884 -1.712918
140.124170 34.823510 -4.690069
139.969799 34.857953 -6.067065
>
140.119373 36.270159 -53.285039
140.043382 36.343685 -60.280149
139.997307 36.248801 -54.730964
140.119373 36.270159 -53.285039
>
140.023959 35.930424 -39.600324
139.924611 35.775314 -34.967569
140.072386 35.776517 -35.783867
140.023959 35.930424 -39.600324
>
139.919949 35.181494 -14.051729
139.802661 35.291513 -15.522518
139.745076 35.152412 -11.725817
139.919949 35.181494 -14.051729
>
140.591984 34.840528 -9.325976
140.429982 34.834637 -7.567129
140.529214 34.730405 -6.073640
140.591984 34.840528 -9.325976
>
141.182365 35.060185 -17.378272
141.156005 35.232336 -20.235498
141.029472 35.138851 -18.103693
141.182365 35.060185 -17.378272
>
140.180415 35.687171 -34.563940
140.208210 35.851358 -37.145617
140.072386 35.776517 -35.783867
140.180415 35.687171 -34.563940
>
139.332086 35.360903 -9.456134
139.335043 35.140451 -2.342742
139.473541 35.210847 -7.691821
139.332086 35.360903 -9.456134
>
140.403744 34.637873 -2.610792
140.569608 34.597715 -3.641457
140.529214 34.730405 -6.073640
140.403744 34.637873 -2.610792
>
139.672302 34.971099 -7.023836
139.592492 35.135131 -8.641974
139.480618 35.026123 -4.243230
139.672302 34.971099 -7.023836
>
141.156005 35.232336 -20.235498
140.985808 35.284931 -20.785054
141.029472 35.138851 -18.103693
141.156005 35.232336 -20.235498
>
139.899039 36.311930 -61.374164
139.878497 36.190287 -52.796135
139.997307 36.248801 -54.730964
139.899039 36.311930 -61.374164
>
141.829842 34.384150 -10.984375
141.776685 34.555601 -12.922625
141.688200 34.472680 -11.368528
141.829842 34.384150 -10.984375
>
140.043382 36.343685 -60.280149
139.899039 36.311930 -61.374164
139.997307 36.248801 -54.730964
140.043382 36.343685 -60.280149
>
140.899120 34.687168 -8.979033
140.901336 34.517400 -5.520389
141.031897 34.597781 -8.364228
140.899120 34.687168 -8.979033
>
139.694081 34.791926 -3.811378
139.872122 34.727889 -3.526510
139.820169 34.862964 -6.405843
139.694081 34.791926 -3.811378
>
141.085966 34.725863 -11.060235
140.899120 34.687168 -8.979033
141.031897 34.597781 -8.364228
141.085966 34.725863 -11.060235
>
140.696814 34.736894 -8.129574
140.849043 34.850871 -11.695021
140.700181 34.901487 -11.612622
140.696814 34.736894 -8.129574
>
140.591984 34.840528 -9.325976
140.696814 34.736894 -8.129574
140.700181 34.901487 -11.612622
140.591984 34.840528 -9.325976
>
140.291651 36.436064 -60.066716
140.167517 36.389875 -59.766417
140.262959 36.303093 -50.381053
140.291651 36.436064 -60.066716
>
141.723527 34.727051 -14.604049
141.562050 34.734873 -14.248761
141.658006 34.612771 -13.179769
141.723527 34.727051 -14.604049
>
140.429982 34.834637 -7.567129
140.256272 34.901390 -7.895375
140.297814 34.775259 -4.730952
140.429982 34.834637 -7.567129
>
139.338000 34.920000 -1.271688
139.516041 34.855963 -2.111209
139.480618 35.026123 -4.243230
139.338000 34.920000 -1.271688
>
140.901336 34.517400 -5.520389
141.070146 34.466490 -5.466385
141.031897 34.597781 -8.364228
140.901336 34.517400 -5.520389
>
141.776685 34.555601 -12.922625
141.723527 34.727051 -14.604049
141.658006 34.612771 -13.179769
141.776685 34.555601 -12.922625
>
141.309746 35.506500 -24.924997
141.215442 35.656616 -27.879716
141.161110 35.520650 -25.455263
141.309746 35.506500 -24.924997
>
140.256272 34.901390 -7.895375
140.124170 34.823510 -4.690069
140.297814 34.775259 -4.730952
140.256272 34.901390 -7.895375
>
140.259743 35.395603 -28.292413
140.271023 35.573239 -33.262242
140.133790 35.497148 -30.416641
140.259743 35.395603 -28.292413
>
140.167517 36.389875 -59.766417
140.043382 36.343685 -60.280149
140.119373 36.270159 -53.285039
140.167517 36.389875 -59.766417
>
141.531084 34.522191 -11.272612
141.688200 34.472680 -11.368528
141.658006 34.612771 -13.179769
141.531084 34.522191 -11.272612
>
140.682178 35.053711 -14.946214
140.525816 35.134767 -16.860038
140.542208 34.964817 -12.008471
140.682178 35.053711 -14.946214
>
141.688200 34.472680 -11.368528
141.776685 34.555601 -12.922625
141.658006 34.612771 -13.179769
141.688200 34.472680 -11.368528
>
140.525816 35.134767 -16.860038
140.400734 35.003588 -12.102889
140.542208 34.964817 -12.008471
140.525816 35.134767 -16.860038
>
141.130125 34.882218 -14.086630
141.264002 34.770271 -12.967381
141.285208 34.927062 -15.676014
141.130125 34.882218 -14.086630
>
139.672302 34.971099 -7.023836
139.694081 34.791926 -3.811378
139.820169 34.862964 -6.405843
139.672302 34.971099 -7.023836
>
140.866658 35.639234 -28.028371
140.767163 35.777939 -29.723038
140.696909 35.671345 -29.775379
140.866658 35.639234 -28.028371
>
139.869543 35.008859 -10.216061
139.672302 34.971099 -7.023836
139.820169 34.862964 -6.405843
139.869543 35.008859 -10.216061
>
139.811453 35.446395 -20.550393
139.802661 35.291513 -15.522518
139.918120 35.341119 -18.356289
139.811453 35.446395 -20.550393
>
139.975549 35.480376 -25.636454
139.811453 35.446395 -20.550393
139.918120 35.341119 -18.356289
139.975549 35.480376 -25.636454
>
139.672302 34.971099 -7.023836
139.869543 35.008859 -10.216061
139.745076 35.152412 -11.725817
139.672302 34.971099 -7.023836
>
141.316773 35.205820 -20.116122
141.404049 35.356383 -22.357488
141.274603 35.330876 -22.077957
141.316773 35.205820 -20.116122
>
141.215442 35.656616 -27.879716
141.057653 35.602483 -27.144296
141.161110 35.520650 -25.455263
141.215442 35.656616 -27.879716
>
140.262959 36.303093 -50.381053
140.167517 36.389875 -59.766417
140.119373 36.270159 -53.285039
140.262959 36.303093 -50.381053
>
139.592492 35.135131 -8.641974
139.672302 34.971099 -7.023836
139.745076 35.152412 -11.725817
139.592492 35.135131 -8.641974
>
140.414703 35.299547 -23.387674
140.251486 35.205384 -17.945558
140.379950 35.149035 -16.757190
140.414703 35.299547 -23.387674
>
140.849043 34.850871 -11.695021
140.808906 34.987344 -14.110971
140.700181 34.901487 -11.612622
140.849043 34.850871 -11.695021
>
140.611190 35.775122 -32.015343
140.579766 35.932384 -35.424661
140.489783 35.812730 -34.260242
140.611190 35.775122 -32.015343
>
140.682178 35.053711 -14.946214
140.676953 35.187212 -18.137671
140.525816 35.134767 -16.860038
140.682178 35.053711 -14.946214
>
139.924611 35.775314 -34.967569
139.861674 35.613394 -28.606737
140.024738 35.638320 -32.349947
139.924611 35.775314 -34.967569
>
140.676953 35.187212 -18.137671
140.583283 35.281654 -21.562663
140.525816 35.134767 -16.860038
140.676953 35.187212 -18.137671
>
140.280980 35.045466 -12.524143
140.400734 35.003588 -12.102889
140.379950 35.149035 -16.757190
140.280980 35.045466 -12.524143
>
140.251486 35.205384 -17.945558
140.280980 35.045466 -12.524143
140.379950 35.149035 -16.757190
140.251486 35.205384 -17.945558
>
140.767163 35.777939 -29.723038
140.611190 35.775122 -32.015343
140.696909 35.671345 -29.775379
140.767163 35.777939 -29.723038
>
140.180415 35.687171 -34.563940
140.072386 35.776517 -35.783867
140.024738 35.638320 -32.349947
140.180415 35.687171 -34.563940
>
140.579766 35.932384 -35.424661
140.400070 35.945639 -37.675764
140.489783 35.812730 -34.260242
140.579766 35.932384 -35.424661
>
140.547571 35.639850 -31.614511
140.705899 35.535547 -27.648867
140.696909 35.671345 -29.775379
140.547571 35.639850 -31.614511
>
140.611190 35.775122 -32.015343
140.547571 35.639850 -31.614511
140.696909 35.671345 -29.775379
140.611190 35.775122 -32.015343
>
140.072386 35.776517 -35.783867
139.924611 35.775314 -34.967569
140.024738 35.638320 -32.349947
140.072386 35.776517 -35.783867
>
140.200324 36.172738 -46.597268
140.262959 36.303093 -50.381053
140.119373 36.270159 -53.285039
140.200324 36.172738 -46.597268
>
140.400734 35.003588 -12.102889
140.525816 35.134767 -16.860038
140.379950 35.149035 -16.757190
140.400734 35.003588 -12.102889
>
141.407766 34.364671 -7.235356
141.645383 34.288685 -6.953278
141.531084 34.522191 -11.272612
141.407766 34.364671 -7.235356
>
141.531084 34.522191 -11.272612
141.645383 34.288685 -6.953278
141.688200 34.472680 -11.368528
141.531084 34.522191 -11.272612
