>
145.109232 41.995494 -19.083263
145.569683 41.602876 -8.319575
145.871531 42.477206 -17.857718
145.109232 41.995494 -19.083263
>
145.292826 42.544902 -27.768794
145.109232 41.995494 -19.083263
145.871531 42.477206 -17.857718
145.292826 42.544902 -27.768794
>
149.501433 45.621945 -81.904525
148.938705 45.315003 -81.450549
149.722993 45.255948 -54.250767
149.501433 45.621945 -81.904525
>
143.036685 42.316727 -49.577599
143.072692 42.910620 -82.625560
142.697540 42.808305 -81.650973
143.036685 42.316727 -49.577599
>
148.938705 45.315003 -81.450549
149.588797 44.792472 -35.200704
149.722993 45.255948 -54.250767
148.938705 45.315003 -81.450549
>
147.449021 42.745782 -10.905736
148.095585 43.084267 -14.788738
147.404362 43.530170 -36.118306
147.449021 42.745782 -10.905736
>
146.108463 42.930611 -25.060424
146.779507 42.400754 -10.854238
146.838408 43.270954 -25.189421
146.108463 42.930611 -25.060424
>
145.569683 41.602876 -8.319575
146.115016 42.027286 -10.587697
145.871531 42.477206 -17.857718
145.569683 41.602876 -8.319575
>
143.036685 42.316727 -49.577599
143.443646 41.738414 -30.916557
143.429506 42.437630 -50.165111
143.036685 42.316727 -49.577599
>
148.095585 43.084267 -14.788738
147.883166 43.803240 -46.062108
147.404362 43.530170 -36.118306
148.095585 43.084267 -14.788738
>
148.495343 44.854589 -81.671229
148.051982 44.445332 -79.790511
148.777534 44.153098 -30.995984
148.495343 44.854589 -81.671229
>
145.528232 43.558609 -80.502704
146.108463 42.930611 -25.060424
146.344727 43.376828 -41.502233
145.528232 43.558609 -80.502704
>
144.531471 41.528727 -17.430258
144.982390 41.171590 -6.892071
145.109232 41.995494 -19.083263
144.531471 41.528727 -17.430258
>
146.779507 42.400754 -10.854238
146.108463 42.930611 -25.060424
145.871531 42.477206 -17.857718
146.779507 42.400754 -10.854238
>
149.588797 44.792472 -35.200704
148.938705 45.315003 -81.450549
149.031680 44.640634 -40.231281
149.588797 44.792472 -35.200704
>
143.443646 41.738414 -30.916557
143.890878 42.277664 -46.707978
143.429506 42.437630 -50.165111
143.443646 41.738414 -30.916557
>
146.779507 42.400754 -10.854238
147.449021 42.745782 -10.905736
146.838408 43.270954 -25.189421
146.779507 42.400754 -10.854238
>
149.944794 45.877731 -81.467653
149.501433 45.621945 -81.904525
149.722993 45.255948 -54.250767
149.944794 45.877731 -81.467653
>
150.150569 45.408970 -49.803564
149.944794 45.877731 -81.467653
149.722993 45.255948 -54.250767
150.150569 45.408970 -49.803564
>
146.108463 42.930611 -25.060424
145.528232 43.558609 -80.502704
145.403425 42.997365 -44.740109
146.108463 42.930611 -25.060424
>
146.115016 42.027286 -10.587697
146.779507 42.400754 -10.854238
145.871531 42.477206 -17.857718
146.115016 42.027286 -10.587697
>
146.838408 43.270954 -25.189421
147.449021 42.745782 -10.905736
147.404362 43.530170 -36.118306
146.838408 43.270954 -25.189421
>
146.738950 44.070180 -81.144368
146.838408 43.270954 -25.189421
147.404362 43.530170 -36.118306
146.738950 44.070180 -81.144368
>
146.125065 43.831447 -80.991452
145.528232 43.558609 -80.502704
146.344727 43.376828 -41.502233
146.125065 43.831447 -80.991452
>
144.982390 41.171590 -6.892071
145.569683 41.602876 -8.319575
145.109232 41.995494 -19.083263
144.982390 41.171590 -6.892071
>
146.838408 43.270954 -25.189421
146.738950 44.070180 -81.144368
146.344727 43.376828 -41.502233
146.838408 43.270954 -25.189421
>
148.777534 44.153098 -30.995984
148.051982 44.445332 -79.790511
148.402815 43.767770 -31.428180
148.777534 44.153098 -30.995984
>
144.043379 41.224357 -16.211685
144.461120 40.773660 -8.429378
144.531471 41.528727 -17.430258
144.043379 41.224357 -16.211685
>
148.729320 43.381928 -13.135999
149.387088 43.737738 -10.896874
148.777534 44.153098 -30.995984
148.729320 43.381928 -13.135999
>
144.461120 40.773660 -8.429378
144.982390 41.171590 -6.892071
144.531471 41.528727 -17.430258
144.461120 40.773660 -8.429378
>
148.051982 44.445332 -79.790511
147.421045 44.206599 -81.992666
147.883166 43.803240 -46.062108
148.051982 44.445332 -79.790511
>
148.051982 44.445332 -79.790511
147.883166 43.803240 -46.062108
148.402815 43.767770 -31.428180
148.051982 44.445332 -79.790511
>
147.421045 44.206599 -81.992666
146.738950 44.070180 -81.144368
147.404362 43.530170 -36.118306
147.421045 44.206599 -81.992666
>
144.798845 42.673489 -44.050051
144.445691 42.143826 -35.483458
145.109232 41.995494 -19.083263
144.798845 42.673489 -44.050051
>
143.443646 41.738414 -30.916557
144.043379 41.224357 -16.211685
144.071013 41.782598 -29.008017
143.443646 41.738414 -30.916557
>
146.108463 42.930611 -25.060424
146.838408 43.270954 -25.189421
146.344727 43.376828 -41.502233
146.108463 42.930611 -25.060424
>
145.292826 42.544902 -27.768794
144.798845 42.673489 -44.050051
145.109232 41.995494 -19.083263
145.292826 42.544902 -27.768794
>
146.738950 44.070180 -81.144368
146.125065 43.831447 -80.991452
146.344727 43.376828 -41.502233
146.738950 44.070180 -81.144368
>
150.749607 44.395449 -10.563892
150.455961 44.902209 -23.451914
150.078794 44.586268 -20.038604
150.749607 44.395449 -10.563892
>
148.495343 44.854589 -81.671229
148.777534 44.153098 -30.995984
149.031680 44.640634 -40.231281
148.495343 44.854589 -81.671229
>
150.115045 44.080193 -10.825979
150.749607 44.395449 -10.563892
150.078794 44.586268 -20.038604
150.115045 44.080193 -10.825979
>
144.445691 42.143826 -35.483458
144.531471 41.528727 -17.430258
145.109232 41.995494 -19.083263
144.445691 42.143826 -35.483458
>
148.938705 45.315003 -81.450549
148.495343 44.854589 -81.671229
149.031680 44.640634 -40.231281
148.938705 45.315003 -81.450549
>
144.931400 43.302824 -81.569554
144.798845 42.673489 -44.050051
145.403425 42.997365 -44.740109
144.931400 43.302824 -81.569554
>
143.703630 42.944724 -81.380576
143.072692 42.910620 -82.625560
143.429506 42.437630 -50.165111
143.703630 42.944724 -81.380576
>
146.108463 42.930611 -25.060424
145.403425 42.997365 -44.740109
145.871531 42.477206 -17.857718
146.108463 42.930611 -25.060424
>
144.931400 43.302824 -81.569554
144.334567 43.098196 -80.963168
144.798845 42.673489 -44.050051
144.931400 43.302824 -81.569554
>
147.883166 43.803240 -46.062108
148.095585 43.084267 -14.788738
148.402815 43.767770 -31.428180
147.883166 43.803240 -46.062108
>
149.387088 43.737738 -10.896874
150.115045 44.080193 -10.825979
149.496490 44.331734 -20.429893
149.387088 43.737738 -10.896874
>
143.703630 42.944724 -81.380576
143.890878 42.277664 -46.707978
144.236751 42.626373 -56.175612
143.703630 42.944724 -81.380576
>
148.729320 43.381928 -13.135999
148.777534 44.153098 -30.995984
148.402815 43.767770 -31.428180
148.729320 43.381928 -13.135999
>
144.798845 42.673489 -44.050051
145.292826 42.544902 -27.768794
145.403425 42.997365 -44.740109
144.798845 42.673489 -44.050051
>
143.072692 42.910620 -82.625560
143.036685 42.316727 -49.577599
143.429506 42.437630 -50.165111
143.072692 42.910620 -82.625560
>
148.095585 43.084267 -14.788738
148.729320 43.381928 -13.135999
148.402815 43.767770 -31.428180
148.095585 43.084267 -14.788738
>
144.445691 42.143826 -35.483458
143.890878 42.277664 -46.707978
144.071013 41.782598 -29.008017
144.445691 42.143826 -35.483458
>
144.334567 43.098196 -80.963168
143.703630 42.944724 -81.380576
144.236751 42.626373 -56.175612
144.334567 43.098196 -80.963168
>
145.403425 42.997365 -44.740109
145.292826 42.544902 -27.768794
145.871531 42.477206 -17.857718
145.403425 42.997365 -44.740109
>
148.777534 44.153098 -30.995984
149.387088 43.737738 -10.896874
149.496490 44.331734 -20.429893
148.777534 44.153098 -30.995984
>
147.883166 43.803240 -46.062108
147.421045 44.206599 -81.992666
147.404362 43.530170 -36.118306
147.883166 43.803240 -46.062108
>
149.496490 44.331734 -20.429893
150.115045 44.080193 -10.825979
150.078794 44.586268 -20.038604
149.496490 44.331734 -20.429893
>
143.890878 42.277664 -46.707978
143.703630 42.944724 -81.380576
143.429506 42.437630 -50.165111
143.890878 42.277664 -46.707978
>
143.890878 42.277664 -46.707978
144.445691 42.143826 -35.483458
144.236751 42.626373 -56.175612
143.890878 42.277664 -46.707978
>
143.890878 42.277664 -46.707978
143.443646 41.738414 -30.916557
144.071013 41.782598 -29.008017
143.890878 42.277664 -46.707978
>
149.031680 44.640634 -40.231281
148.777534 44.153098 -30.995984
149.496490 44.331734 -20.429893
149.031680 44.640634 -40.231281
>
150.455961 44.902209 -23.451914
150.150569 45.408970 -49.803564
149.999423 44.989173 -35.550504
150.455961 44.902209 -23.451914
>
149.588797 44.792472 -35.200704
149.496490 44.331734 -20.429893
150.078794 44.586268 -20.038604
149.588797 44.792472 -35.200704
>
144.531471 41.528727 -17.430258
144.445691 42.143826 -35.483458
144.071013 41.782598 -29.008017
144.531471 41.528727 -17.430258
>
145.528232 43.558609 -80.502704
144.931400 43.302824 -81.569554
145.403425 42.997365 -44.740109
145.528232 43.558609 -80.502704
>
144.445691 42.143826 -35.483458
144.798845 42.673489 -44.050051
144.236751 42.626373 -56.175612
144.445691 42.143826 -35.483458
>
144.043379 41.224357 -16.211685
144.531471 41.528727 -17.430258
144.071013 41.782598 -29.008017
144.043379 41.224357 -16.211685
>
144.798845 42.673489 -44.050051
144.334567 43.098196 -80.963168
144.236751 42.626373 -56.175612
144.798845 42.673489 -44.050051
>
149.588797 44.792472 -35.200704
149.031680 44.640634 -40.231281
149.496490 44.331734 -20.429893
149.588797 44.792472 -35.200704
>
149.588797 44.792472 -35.200704
150.078794 44.586268 -20.038604
149.999423 44.989173 -35.550504
149.588797 44.792472 -35.200704
>
149.722993 45.255948 -54.250767
149.588797 44.792472 -35.200704
149.999423 44.989173 -35.550504
149.722993 45.255948 -54.250767
>
150.150569 45.408970 -49.803564
149.722993 45.255948 -54.250767
149.999423 44.989173 -35.550504
150.150569 45.408970 -49.803564
>
150.078794 44.586268 -20.038604
150.455961 44.902209 -23.451914
149.999423 44.989173 -35.550504
150.078794 44.586268 -20.038604
>
142.537911 41.928195 -56.818649
142.856423 41.512842 -37.274320
143.036685 42.316727 -49.577599
142.537911 41.928195 -56.818649
>
142.336787 36.959220 -22.767576
142.748827 36.917426 -16.390355
142.440904 37.452457 -25.687920
142.336787 36.959220 -22.767576
>
142.440904 37.452457 -25.687920
141.915142 37.244375 -33.407899
142.336787 36.959220 -22.767576
142.440904 37.452457 -25.687920
>
143.290000 36.860000 -9.122666
142.748827 36.917426 -16.390355
142.870000 36.320000 -8.710670
143.290000 36.860000 -9.122666
>
141.521523 35.173438 -22.555527
141.738858 35.515966 -18.347390
141.354230 35.437060 -27.191619
141.521523 35.173438 -22.555527
>
141.401566 41.478221 -79.620779
141.806735 41.899996 -71.030550
141.520932 42.023897 -80.940293
141.401566 41.478221 -79.620779
>
142.903906 38.746791 -24.908942
142.793438 38.299295 -25.369471
143.334142 38.562513 -18.458519
142.903906 38.746791 -24.908942
>
142.651485 39.125290 -29.739912
142.846035 39.668542 -26.986511
142.166126 39.451011 -40.956845
142.651485 39.125290 -29.739912
>
140.676164 37.653675 -80.106710
141.266714 37.851582 -58.949944
140.892923 38.199588 -79.984767
140.676164 37.653675 -80.106710
>
142.166126 39.451011 -40.956845
142.846035 39.668542 -26.986511
142.353476 39.943579 -37.025596
142.166126 39.451011 -40.956845
>
142.720476 40.168050 -29.671034
142.884117 40.598999 -27.310002
142.295175 40.484468 -39.709761
142.720476 40.168050 -29.671034
>
143.334142 38.562513 -18.458519
142.793438 38.299295 -25.369471
143.099655 37.978260 -19.836679
143.334142 38.562513 -18.458519
>
142.577462 41.057216 -35.088546
141.955913 41.095922 -52.489205
142.295175 40.484468 -39.709761
142.577462 41.057216 -35.088546
>
142.295175 40.484468 -39.709761
142.884117 40.598999 -27.310002
142.577462 41.057216 -35.088546
142.295175 40.484468 -39.709761
>
143.561819 39.710720 -16.406709
142.846035 39.668542 -26.986511
143.255976 39.138326 -20.298009
143.561819 39.710720 -16.406709
>
142.295175 40.484468 -39.709761
142.353476 39.943579 -37.025596
142.720476 40.168050 -29.671034
142.295175 40.484468 -39.709761
>
141.672884 34.852148 -18.129461
141.784413 34.563811 -14.841040
142.120000 34.830000 -8.209455
141.672884 34.852148 -18.129461
>
142.440904 37.452457 -25.687920
142.748827 36.917426 -16.390355
143.041728 37.423349 -17.106568
142.440904 37.452457 -25.687920
>
141.266714 37.851582 -58.949944
141.469275 38.465222 -58.155290
140.892923 38.199588 -79.984767
141.266714 37.851582 -58.949944
>
143.036685 42.316727 -49.577599
142.856423 41.512842 -37.274320
143.443646 41.738414 -30.916557
143.036685 42.316727 -49.577599
>
140.663563 36.570906 -56.256873
140.890861 36.945051 -56.233967
140.411236 37.155930 -80.276047
140.663563 36.570906 -56.256873
>
141.768209 38.812664 -49.339256
142.226977 38.952805 -37.555074
141.659393 39.285163 -57.055554
141.768209 38.812664 -49.339256
>
142.340000 35.400000 -6.415367
141.913382 35.223984 -13.380793
142.120000 34.830000 -8.209455
142.340000 35.400000 -6.415367
>
140.892923 38.199588 -79.984767
141.469275 38.465222 -58.155290
141.037430 38.657192 -79.895877
140.892923 38.199588 -79.984767
>
143.114320 41.101524 -25.545797
142.884117 40.598999 -27.310002
143.469578 40.593950 -18.271165
143.114320 41.101524 -25.545797
>
142.884117 40.598999 -27.310002
143.223576 40.144664 -21.233050
143.469578 40.593950 -18.271165
142.884117 40.598999 -27.310002
>
141.401566 41.478221 -79.620779
141.955913 41.095922 -52.489205
141.929953 41.601317 -62.354141
141.401566 41.478221 -79.620779
>
140.485896 36.211451 -55.538050
140.663563 36.570906 -56.256873
140.286737 36.433882 -66.501327
140.485896 36.211451 -55.538050
>
143.609750 37.250333 -8.415852
143.041728 37.423349 -17.106568
143.290000 36.860000 -9.122666
143.609750 37.250333 -8.415852
>
141.659393 39.285163 -57.055554
142.226977 38.952805 -37.555074
142.166126 39.451011 -40.956845
141.659393 39.285163 -57.055554
>
140.676164 37.653675 -80.106710
140.994418 37.357621 -60.353272
141.266714 37.851582 -58.949944
140.676164 37.653675 -80.106710
>
143.561819 39.710720 -16.406709
143.223576 40.144664 -21.233050
142.846035 39.668542 -26.986511
143.561819 39.710720 -16.406709
>
142.748827 36.917426 -16.390355
142.513544 36.489529 -14.705111
142.870000 36.320000 -8.710670
142.748827 36.917426 -16.390355
>
141.913382 35.223984 -13.380793
142.092530 35.666678 -11.522966
141.738858 35.515966 -18.347390
141.913382 35.223984 -13.380793
>
141.494554 35.737964 -25.327281
141.252663 35.937712 -32.392218
141.202869 35.667730 -31.461261
141.494554 35.737964 -25.327281
>
143.443646 41.738414 -30.916557
143.607953 41.064688 -18.466012
144.043379 41.224357 -16.211685
143.443646 41.738414 -30.916557
>
141.672884 34.852148 -18.129461
141.913382 35.223984 -13.380793
141.521523 35.173438 -22.555527
141.672884 34.852148 -18.129461
>
141.929953 41.601317 -62.354141
141.806735 41.899996 -71.030550
141.401566 41.478221 -79.620779
141.929953 41.601317 -62.354141
>
141.738858 35.515966 -18.347390
141.494554 35.737964 -25.327281
141.354230 35.437060 -27.191619
141.738858 35.515966 -18.347390
>
142.120000 34.830000 -8.209455
141.913382 35.223984 -13.380793
141.672884 34.852148 -18.129461
142.120000 34.830000 -8.209455
>
141.044470 36.486092 -45.047451
140.890861 36.945051 -56.233967
140.663563 36.570906 -56.256873
141.044470 36.486092 -45.047451
>
141.238133 39.684794 -80.022873
141.822971 39.964149 -53.605692
141.310387 40.335073 -80.258214
141.238133 39.684794 -80.022873
>
142.192035 36.325778 -17.310949
141.704927 36.339843 -27.659408
141.846792 35.944064 -19.306528
142.192035 36.325778 -17.310949
>
141.044470 36.486092 -45.047451
141.017270 36.118199 -39.523614
141.325427 36.245451 -35.052828
141.044470 36.486092 -45.047451
>
141.521523 35.173438 -22.555527
141.913382 35.223984 -13.380793
141.738858 35.515966 -18.347390
141.521523 35.173438 -22.555527
>
141.810822 42.211473 -80.363666
142.146327 41.997865 -67.113165
142.237131 42.484310 -80.128234
141.810822 42.211473 -80.363666
>
140.740819 35.956067 -44.354060
140.790404 36.268543 -47.260038
140.485896 36.211451 -55.538050
140.740819 35.956067 -44.354060
>
141.238133 39.684794 -80.022873
141.659393 39.285163 -57.055554
141.822971 39.964149 -53.605692
141.238133 39.684794 -80.022873
>
141.374612 40.937184 -79.739253
141.955913 41.095922 -52.489205
141.401566 41.478221 -79.620779
141.374612 40.937184 -79.739253
>
143.255976 39.138326 -20.298009
143.780429 39.262773 -13.297035
143.561819 39.710720 -16.406709
143.255976 39.138326 -20.298009
>
141.044470 36.486092 -45.047451
140.790404 36.268543 -47.260038
141.017270 36.118199 -39.523614
141.044470 36.486092 -45.047451
>
140.947945 35.824256 -37.961997
141.017270 36.118199 -39.523614
140.740819 35.956067 -44.354060
140.947945 35.824256 -37.961997
>
141.822971 39.964149 -53.605692
141.659393 39.285163 -57.055554
142.166126 39.451011 -40.956845
141.822971 39.964149 -53.605692
>
141.915142 37.244375 -33.407899
142.054844 36.687967 -24.665931
142.336787 36.959220 -22.767576
141.915142 37.244375 -33.407899
>
143.334142 38.562513 -18.458519
143.705125 38.863741 -13.941251
143.255976 39.138326 -20.298009
143.334142 38.562513 -18.458519
>
140.663563 36.570906 -56.256873
140.790404 36.268543 -47.260038
141.044470 36.486092 -45.047451
140.663563 36.570906 -56.256873
>
141.955913 41.095922 -52.489205
142.360809 41.549686 -50.457252
141.929953 41.601317 -62.354141
141.955913 41.095922 -52.489205
>
141.774006 38.104000 -43.874193
142.054339 38.469566 -39.459549
141.469275 38.465222 -58.155290
141.774006 38.104000 -43.874193
>
143.561819 39.710720 -16.406709
143.780429 39.262773 -13.297035
144.250000 39.580000 -7.176882
143.561819 39.710720 -16.406709
>
141.494554 35.737964 -25.327281
141.527916 36.032671 -27.531199
141.252663 35.937712 -32.392218
141.494554 35.737964 -25.327281
>
143.334142 38.562513 -18.458519
143.481251 38.141364 -15.504823
143.990000 38.460000 -8.895447
143.334142 38.562513 -18.458519
>
140.485896 36.211451 -55.538050
140.790404 36.268543 -47.260038
140.663563 36.570906 -56.256873
140.485896 36.211451 -55.538050
>
143.114320 41.101524 -25.545797
143.607953 41.064688 -18.466012
143.443646 41.738414 -30.916557
143.114320 41.101524 -25.545797
>
141.469275 38.465222 -58.155290
142.054339 38.469566 -39.459549
141.768209 38.812664 -49.339256
141.469275 38.465222 -58.155290
>
143.041728 37.423349 -17.106568
142.693376 37.843973 -24.633809
142.440904 37.452457 -25.687920
143.041728 37.423349 -17.106568
>
144.250000 39.580000 -7.176882
143.871015 40.134510 -12.875845
143.561819 39.710720 -16.406709
144.250000 39.580000 -7.176882
>
143.041728 37.423349 -17.106568
142.748827 36.917426 -16.390355
143.290000 36.860000 -9.122666
143.041728 37.423349 -17.106568
>
140.890861 36.945051 -56.233967
140.994418 37.357621 -60.353272
140.411236 37.155930 -80.276047
140.890861 36.945051 -56.233967
>
143.255976 39.138326 -20.298009
142.903906 38.746791 -24.908942
143.334142 38.562513 -18.458519
143.255976 39.138326 -20.298009
>
141.415557 37.427279 -47.942800
140.994418 37.357621 -60.353272
141.285830 36.951368 -45.583098
141.415557 37.427279 -47.942800
>
143.099655 37.978260 -19.836679
142.693376 37.843973 -24.633809
143.041728 37.423349 -17.106568
143.099655 37.978260 -19.836679
>
143.990000 38.460000 -8.895447
143.705125 38.863741 -13.941251
143.334142 38.562513 -18.458519
143.990000 38.460000 -8.895447
>
141.822971 39.964149 -53.605692
141.751811 40.563359 -59.002973
141.310387 40.335073 -80.258214
141.822971 39.964149 -53.605692
>
141.774006 38.104000 -43.874193
141.469275 38.465222 -58.155290
141.266714 37.851582 -58.949944
141.774006 38.104000 -43.874193
>
141.285830 36.951368 -45.583098
140.994418 37.357621 -60.353272
140.890861 36.945051 -56.233967
141.285830 36.951368 -45.583098
>
141.846792 35.944064 -19.306528
142.176723 35.989545 -12.756238
142.192035 36.325778 -17.310949
141.846792 35.944064 -19.306528
>
141.141796 39.138881 -79.910457
141.659393 39.285163 -57.055554
141.238133 39.684794 -80.022873
141.141796 39.138881 -79.910457
>
141.354230 35.437060 -27.191619
141.494554 35.737964 -25.327281
141.202869 35.667730 -31.461261
141.354230 35.437060 -27.191619
>
142.295175 40.484468 -39.709761
141.751811 40.563359 -59.002973
141.822971 39.964149 -53.605692
142.295175 40.484468 -39.709761
>
142.720476 40.168050 -29.671034
143.223576 40.144664 -21.233050
142.884117 40.598999 -27.310002
142.720476 40.168050 -29.671034
>
142.146327 41.997865 -67.113165
142.622870 42.333544 -64.627015
142.237131 42.484310 -80.128234
142.146327 41.997865 -67.113165
>
140.411236 37.155930 -80.276047
140.994418 37.357621 -60.353272
140.676164 37.653675 -80.106710
140.411236 37.155930 -80.276047
>
142.577462 41.057216 -35.088546
142.884117 40.598999 -27.310002
143.114320 41.101524 -25.545797
142.577462 41.057216 -35.088546
>
144.043379 41.224357 -16.211685
143.968841 40.665194 -12.591921
144.461120 40.773660 -8.429378
144.043379 41.224357 -16.211685
>
141.665486 36.769444 -33.952444
142.054844 36.687967 -24.665931
141.915142 37.244375 -33.407899
141.665486 36.769444 -33.952444
>
144.250000 39.580000 -7.176882
143.780429 39.262773 -13.297035
144.140604 38.981194 -8.147614
144.250000 39.580000 -7.176882
>
141.846792 35.944064 -19.306528
141.494554 35.737964 -25.327281
141.738858 35.515966 -18.347390
141.846792 35.944064 -19.306528
>
143.099655 37.978260 -19.836679
143.481251 38.141364 -15.504823
143.334142 38.562513 -18.458519
143.099655 37.978260 -19.836679
>
143.810000 37.870000 -9.614522
143.404878 37.658729 -14.165624
143.609750 37.250333 -8.415852
143.810000 37.870000 -9.614522
>
142.484489 38.608534 -31.372724
142.793438 38.299295 -25.369471
142.903906 38.746791 -24.908942
142.484489 38.608534 -31.372724
>
142.340000 35.400000 -6.415367
142.092530 35.666678 -11.522966
141.913382 35.223984 -13.380793
142.340000 35.400000 -6.415367
>
142.539427 35.926512 -6.294521
142.513544 36.489529 -14.705111
142.192035 36.325778 -17.310949
142.539427 35.926512 -6.294521
>
142.353476 39.943579 -37.025596
142.846035 39.668542 -26.986511
142.720476 40.168050 -29.671034
142.353476 39.943579 -37.025596
>
141.915142 37.244375 -33.407899
141.643476 37.744256 -45.009422
141.415557 37.427279 -47.942800
141.915142 37.244375 -33.407899
>
141.266714 37.851582 -58.949944
140.994418 37.357621 -60.353272
141.415557 37.427279 -47.942800
141.266714 37.851582 -58.949944
>
143.609750 37.250333 -8.415852
143.404878 37.658729 -14.165624
143.041728 37.423349 -17.106568
143.609750 37.250333 -8.415852
>
142.307096 38.064057 -32.111021
142.054339 38.469566 -39.459549
141.774006 38.104000 -43.874193
142.307096 38.064057 -32.111021
>
142.846035 39.668542 -26.986511
143.223576 40.144664 -21.233050
142.720476 40.168050 -29.671034
142.846035 39.668542 -26.986511
>
143.041728 37.423349 -17.106568
143.404878 37.658729 -14.165624
143.099655 37.978260 -19.836679
143.041728 37.423349 -17.106568
>
143.114320 41.101524 -25.545797
142.856423 41.512842 -37.274320
142.577462 41.057216 -35.088546
143.114320 41.101524 -25.545797
>
142.484489 38.608534 -31.372724
142.054339 38.469566 -39.459549
142.307096 38.064057 -32.111021
142.484489 38.608534 -31.372724
>
144.360000 40.200000 -7.440769
143.871015 40.134510 -12.875845
144.250000 39.580000 -7.176882
144.360000 40.200000 -7.440769
>
141.774006 38.104000 -43.874193
142.025374 37.719599 -35.396523
142.307096 38.064057 -32.111021
141.774006 38.104000 -43.874193
>
142.577462 41.057216 -35.088546
142.360809 41.549686 -50.457252
141.955913 41.095922 -52.489205
142.577462 41.057216 -35.088546
>
143.990000 38.460000 -8.895447
143.481251 38.141364 -15.504823
143.810000 37.870000 -9.614522
143.990000 38.460000 -8.895447
>
144.043379 41.224357 -16.211685
143.607953 41.064688 -18.466012
143.968841 40.665194 -12.591921
144.043379 41.224357 -16.211685
>
141.141796 39.138881 -79.910457
141.414831 38.872138 -64.690315
141.659393 39.285163 -57.055554
141.141796 39.138881 -79.910457
>
143.469578 40.593950 -18.271165
143.607953 41.064688 -18.466012
143.114320 41.101524 -25.545797
143.469578 40.593950 -18.271165
>
142.440904 37.452457 -25.687920
142.025374 37.719599 -35.396523
141.915142 37.244375 -33.407899
142.440904 37.452457 -25.687920
>
141.955913 41.095922 -52.489205
141.751811 40.563359 -59.002973
142.295175 40.484468 -39.709761
141.955913 41.095922 -52.489205
>
143.036685 42.316727 -49.577599
142.622870 42.333544 -64.627015
142.537911 41.928195 -56.818649
143.036685 42.316727 -49.577599
>
142.651485 39.125290 -29.739912
142.226977 38.952805 -37.555074
142.484489 38.608534 -31.372724
142.651485 39.125290 -29.739912
>
142.336787 36.959220 -22.767576
142.513544 36.489529 -14.705111
142.748827 36.917426 -16.390355
142.336787 36.959220 -22.767576
>
142.307096 38.064057 -32.111021
142.025374 37.719599 -35.396523
142.440904 37.452457 -25.687920
142.307096 38.064057 -32.111021
>
143.443646 41.738414 -30.916557
142.856423 41.512842 -37.274320
143.114320 41.101524 -25.545797
143.443646 41.738414 -30.916557
>
141.659393 39.285163 -57.055554
141.414831 38.872138 -64.690315
141.768209 38.812664 -49.339256
141.659393 39.285163 -57.055554
>
143.255976 39.138326 -20.298009
143.705125 38.863741 -13.941251
143.780429 39.262773 -13.297035
143.255976 39.138326 -20.298009
>
142.166126 39.451011 -40.956845
142.353476 39.943579 -37.025596
141.822971 39.964149 -53.605692
142.166126 39.451011 -40.956845
>
141.325427 36.245451 -35.052828
141.405315 36.558190 -38.030057
141.044470 36.486092 -45.047451
141.325427 36.245451 -35.052828
>
141.285830 36.951368 -45.583098
141.585346 37.114892 -39.356063
141.415557 37.427279 -47.942800
141.285830 36.951368 -45.583098
>
142.651485 39.125290 -29.739912
142.903906 38.746791 -24.908942
143.255976 39.138326 -20.298009
142.651485 39.125290 -29.739912
>
142.484489 38.608534 -31.372724
142.903906 38.746791 -24.908942
142.651485 39.125290 -29.739912
142.484489 38.608534 -31.372724
>
142.537911 41.928195 -56.818649
142.622870 42.333544 -64.627015
142.146327 41.997865 -67.113165
142.537911 41.928195 -56.818649
>
141.202869 35.667730 -31.461261
141.252663 35.937712 -32.392218
140.947945 35.824256 -37.961997
141.202869 35.667730 -31.461261
>
142.870000 36.320000 -8.710670
142.513544 36.489529 -14.705111
142.539427 35.926512 -6.294521
142.870000 36.320000 -8.710670
>
142.025374 37.719599 -35.396523
141.643476 37.744256 -45.009422
141.915142 37.244375 -33.407899
142.025374 37.719599 -35.396523
>
142.166126 39.451011 -40.956845
142.226977 38.952805 -37.555074
142.651485 39.125290 -29.739912
142.166126 39.451011 -40.956845
>
140.947945 35.824256 -37.961997
141.252663 35.937712 -32.392218
141.017270 36.118199 -39.523614
140.947945 35.824256 -37.961997
>
142.192035 36.325778 -17.310949
142.054844 36.687967 -24.665931
141.704927 36.339843 -27.659408
142.192035 36.325778 -17.310949
>
141.822971 39.964149 -53.605692
142.353476 39.943579 -37.025596
142.295175 40.484468 -39.709761
141.822971 39.964149 -53.605692
>
142.539427 35.926512 -6.294521
142.092530 35.666678 -11.522966
142.340000 35.400000 -6.415367
142.539427 35.926512 -6.294521
>
143.223576 40.144664 -21.233050
143.871015 40.134510 -12.875845
143.469578 40.593950 -18.271165
143.223576 40.144664 -21.233050
>
143.255976 39.138326 -20.298009
142.846035 39.668542 -26.986511
142.651485 39.125290 -29.739912
143.255976 39.138326 -20.298009
>
143.561819 39.710720 -16.406709
143.871015 40.134510 -12.875845
143.223576 40.144664 -21.233050
143.561819 39.710720 -16.406709
>
141.017270 36.118199 -39.523614
140.790404 36.268543 -47.260038
140.740819 35.956067 -44.354060
141.017270 36.118199 -39.523614
>
141.252663 35.937712 -32.392218
141.527916 36.032671 -27.531199
141.325427 36.245451 -35.052828
141.252663 35.937712 -32.392218
>
142.192035 36.325778 -17.310949
142.176723 35.989545 -12.756238
142.539427 35.926512 -6.294521
142.192035 36.325778 -17.310949
>
141.044470 36.486092 -45.047451
141.285830 36.951368 -45.583098
140.890861 36.945051 -56.233967
141.044470 36.486092 -45.047451
>
142.484489 38.608534 -31.372724
142.226977 38.952805 -37.555074
142.054339 38.469566 -39.459549
142.484489 38.608534 -31.372724
>
141.415557 37.427279 -47.942800
141.585346 37.114892 -39.356063
141.915142 37.244375 -33.407899
141.415557 37.427279 -47.942800
>
142.054339 38.469566 -39.459549
142.226977 38.952805 -37.555074
141.768209 38.812664 -49.339256
142.054339 38.469566 -39.459549
>
142.307096 38.064057 -32.111021
142.793438 38.299295 -25.369471
142.484489 38.608534 -31.372724
142.307096 38.064057 -32.111021
>
141.915142 37.244375 -33.407899
141.585346 37.114892 -39.356063
141.665486 36.769444 -33.952444
141.915142 37.244375 -33.407899
>
142.440904 37.452457 -25.687920
142.693376 37.843973 -24.633809
142.307096 38.064057 -32.111021
142.440904 37.452457 -25.687920
>
141.374612 40.937184 -79.739253
141.751811 40.563359 -59.002973
141.955913 41.095922 -52.489205
141.374612 40.937184 -79.739253
>
142.237131 42.484310 -80.128234
142.622870 42.333544 -64.627015
142.697540 42.808305 -81.650973
142.237131 42.484310 -80.128234
>
144.140604 38.981194 -8.147614
143.705125 38.863741 -13.941251
143.990000 38.460000 -8.895447
144.140604 38.981194 -8.147614
>
141.310387 40.335073 -80.258214
141.751811 40.563359 -59.002973
141.374612 40.937184 -79.739253
141.310387 40.335073 -80.258214
>
142.697540 42.808305 -81.650973
142.622870 42.333544 -64.627015
143.036685 42.316727 -49.577599
142.697540 42.808305 -81.650973
>
142.539427 35.926512 -6.294521
142.176723 35.989545 -12.756238
142.092530 35.666678 -11.522966
142.539427 35.926512 -6.294521
>
142.513544 36.489529 -14.705111
142.054844 36.687967 -24.665931
142.192035 36.325778 -17.310949
142.513544 36.489529 -14.705111
>
141.325427 36.245451 -35.052828
141.527916 36.032671 -27.531199
141.704927 36.339843 -27.659408
141.325427 36.245451 -35.052828
>
141.846792 35.944064 -19.306528
141.527916 36.032671 -27.531199
141.494554 35.737964 -25.327281
141.846792 35.944064 -19.306528
>
144.461120 40.773660 -8.429378
143.968841 40.665194 -12.591921
144.360000 40.200000 -7.440769
144.461120 40.773660 -8.429378
>
141.738858 35.515966 -18.347390
142.092530 35.666678 -11.522966
141.846792 35.944064 -19.306528
141.738858 35.515966 -18.347390
>
141.810822 42.211473 -80.363666
141.806735 41.899996 -71.030550
142.146327 41.997865 -67.113165
141.810822 42.211473 -80.363666
>
141.929953 41.601317 -62.354141
142.360809 41.549686 -50.457252
142.146327 41.997865 -67.113165
141.929953 41.601317 -62.354141
>
141.037430 38.657192 -79.895877
141.414831 38.872138 -64.690315
141.141796 39.138881 -79.910457
141.037430 38.657192 -79.895877
>
141.520932 42.023897 -80.940293
141.806735 41.899996 -71.030550
141.810822 42.211473 -80.363666
141.520932 42.023897 -80.940293
>
141.704927 36.339843 -27.659408
141.527916 36.032671 -27.531199
141.846792 35.944064 -19.306528
141.704927 36.339843 -27.659408
>
141.704927 36.339843 -27.659408
142.054844 36.687967 -24.665931
141.665486 36.769444 -33.952444
141.704927 36.339843 -27.659408
>
142.336787 36.959220 -22.767576
142.054844 36.687967 -24.665931
142.513544 36.489529 -14.705111
142.336787 36.959220 -22.767576
>
143.780429 39.262773 -13.297035
143.705125 38.863741 -13.941251
144.140604 38.981194 -8.147614
143.780429 39.262773 -13.297035
>
143.968841 40.665194 -12.591921
143.607953 41.064688 -18.466012
143.469578 40.593950 -18.271165
143.968841 40.665194 -12.591921
>
141.704927 36.339843 -27.659408
141.405315 36.558190 -38.030057
141.325427 36.245451 -35.052828
141.704927 36.339843 -27.659408
>
141.266714 37.851582 -58.949944
141.643476 37.744256 -45.009422
141.774006 38.104000 -43.874193
141.266714 37.851582 -58.949944
>
141.469275 38.465222 -58.155290
141.414831 38.872138 -64.690315
141.037430 38.657192 -79.895877
141.469275 38.465222 -58.155290
>
143.404878 37.658729 -14.165624
143.481251 38.141364 -15.504823
143.099655 37.978260 -19.836679
143.404878 37.658729 -14.165624
>
142.146327 41.997865 -67.113165
142.360809 41.549686 -50.457252
142.537911 41.928195 -56.818649
142.146327 41.997865 -67.113165
>
141.044470 36.486092 -45.047451
141.405315 36.558190 -38.030057
141.285830 36.951368 -45.583098
141.044470 36.486092 -45.047451
>
141.768209 38.812664 -49.339256
141.414831 38.872138 -64.690315
141.469275 38.465222 -58.155290
141.768209 38.812664 -49.339256
>
141.415557 37.427279 -47.942800
141.643476 37.744256 -45.009422
141.266714 37.851582 -58.949944
141.415557 37.427279 -47.942800
>
142.537911 41.928195 -56.818649
142.360809 41.549686 -50.457252
142.856423 41.512842 -37.274320
142.537911 41.928195 -56.818649
>
141.285830 36.951368 -45.583098
141.405315 36.558190 -38.030057
141.665486 36.769444 -33.952444
141.285830 36.951368 -45.583098
>
141.017270 36.118199 -39.523614
141.252663 35.937712 -32.392218
141.325427 36.245451 -35.052828
141.017270 36.118199 -39.523614
>
143.469578 40.593950 -18.271165
143.871015 40.134510 -12.875845
143.968841 40.665194 -12.591921
143.469578 40.593950 -18.271165
>
141.665486 36.769444 -33.952444
141.405315 36.558190 -38.030057
141.704927 36.339843 -27.659408
141.665486 36.769444 -33.952444
>
141.774006 38.104000 -43.874193
141.643476 37.744256 -45.009422
142.025374 37.719599 -35.396523
141.774006 38.104000 -43.874193
>
142.856423 41.512842 -37.274320
142.360809 41.549686 -50.457252
142.577462 41.057216 -35.088546
142.856423 41.512842 -37.274320
>
143.810000 37.870000 -9.614522
143.481251 38.141364 -15.504823
143.404878 37.658729 -14.165624
143.810000 37.870000 -9.614522
>
142.146327 41.997865 -67.113165
141.806735 41.899996 -71.030550
141.929953 41.601317 -62.354141
142.146327 41.997865 -67.113165
>
143.968841 40.665194 -12.591921
143.871015 40.134510 -12.875845
144.360000 40.200000 -7.440769
143.968841 40.665194 -12.591921
>
142.793438 38.299295 -25.369471
142.693376 37.843973 -24.633809
143.099655 37.978260 -19.836679
142.793438 38.299295 -25.369471
>
142.307096 38.064057 -32.111021
142.693376 37.843973 -24.633809
142.793438 38.299295 -25.369471
142.307096 38.064057 -32.111021
>
142.092530 35.666678 -11.522966
142.176723 35.989545 -12.756238
141.846792 35.944064 -19.306528
142.092530 35.666678 -11.522966
>
141.665486 36.769444 -33.952444
141.585346 37.114892 -39.356063
141.285830 36.951368 -45.583098
141.665486 36.769444 -33.952444
>
142.120000 34.830000 -8.209455
141.784413 34.563811 -14.841040
141.883000 34.212700 -11.003277
142.120000 34.830000 -8.209455
>
140.411236 37.155930 -80.276047
140.023846 36.573932 -80.060320
140.286737 36.433882 -66.501327
140.411236 37.155930 -80.276047
>
140.286737 36.433882 -66.501327
140.663563 36.570906 -56.256873
140.411236 37.155930 -80.276047
140.286737 36.433882 -66.501327
>
141.354230 35.437060 -27.191619
141.189335 35.168312 -31.457699
141.521523 35.173438 -22.555527
141.354230 35.437060 -27.191619
>
140.485896 36.211451 -55.538050
140.436764 35.906925 -54.722529
140.740819 35.956067 -44.354060
140.485896 36.211451 -55.538050
>
141.030266 32.604060 -40.183030
141.214696 32.878593 -31.486835
140.775025 32.950787 -49.617843
141.030266 32.604060 -40.183030
>
142.130000 31.730000 -9.748994
141.862929 31.872379 -15.947845
141.774123 31.482655 -18.811904
142.130000 31.730000 -9.748994
>
140.404699 32.680906 -80.093240
140.775025 32.950787 -49.617843
140.285957 33.029217 -80.081742
140.404699 32.680906 -80.093240
>
139.833210 36.176497 -80.433471
140.200185 36.193081 -65.729108
140.023846 36.573932 -80.060320
139.833210 36.176497 -80.433471
>
141.030266 32.604060 -40.183030
140.724782 32.575484 -56.099102
140.944276 32.300650 -44.670931
141.030266 32.604060 -40.183030
>
140.869695 35.347755 -40.466319
140.913566 35.017134 -40.347921
141.189335 35.168312 -31.457699
140.869695 35.347755 -40.466319
>
140.775025 32.950787 -49.617843
141.214696 32.878593 -31.486835
141.106735 33.183695 -35.782526
140.775025 32.950787 -49.617843
>
141.109536 31.573913 -39.555134
140.930055 31.251644 -52.485475
141.361261 31.249989 -29.386206
141.109536 31.573913 -39.555134
>
141.540580 31.895847 -23.962470
141.481229 32.215293 -25.177196
141.230715 32.089139 -33.383278
141.540580 31.895847 -23.962470
>
141.683577 31.047904 -21.020000
141.774123 31.482655 -18.811904
141.361261 31.249989 -29.386206
141.683577 31.047904 -21.020000
>
141.770697 32.201193 -17.598029
141.481229 32.215293 -25.177196
141.540580 31.895847 -23.962470
141.770697 32.201193 -17.598029
>
141.230715 32.089139 -33.383278
141.238009 31.817513 -33.552648
141.540580 31.895847 -23.962470
141.230715 32.089139 -33.383278
>
139.872122 34.727889 -80.672385
140.362186 34.827287 -60.940663
140.231586 35.185268 -64.593872
139.872122 34.727889 -80.672385
>
140.134655 35.855801 -66.363192
140.043177 35.448101 -69.934125
140.349007 35.570541 -58.935083
140.134655 35.855801 -66.363192
>
142.034438 32.337184 -11.784684
141.770697 32.201193 -17.598029
142.091528 32.054737 -10.300365
142.034438 32.337184 -11.784684
>
141.540580 31.895847 -23.962470
141.238009 31.817513 -33.552648
141.404702 31.603983 -28.062875
141.540580 31.895847 -23.962470
>
141.361261 31.249989 -29.386206
140.930055 31.251644 -52.485475
141.129734 30.996376 -39.066475
141.361261 31.249989 -29.386206
>
140.614475 35.071374 -51.381704
140.913566 35.017134 -40.347921
140.869695 35.347755 -40.466319
140.614475 35.071374 -51.381704
>
141.987235 33.417141 -10.225075
141.670652 33.720947 -16.858612
141.526098 33.466246 -21.741913
141.987235 33.417141 -10.225075
>
140.944276 32.300650 -44.670931
140.724782 32.575484 -56.099102
140.499693 32.229685 -80.012130
140.944276 32.300650 -44.670931
>
141.388873 34.247386 -24.787803
141.137157 34.162499 -32.648006
141.350768 33.868204 -26.115558
141.388873 34.247386 -24.787803
>
141.683577 31.047904 -21.020000
141.977385 31.122281 -15.111494
141.774123 31.482655 -18.811904
141.683577 31.047904 -21.020000
>
141.350768 33.868204 -26.115558
141.632966 34.036185 -17.481914
141.388873 34.247386 -24.787803
141.350768 33.868204 -26.115558
>
141.350768 33.868204 -26.115558
141.136701 33.510655 -34.115443
141.526098 33.466246 -21.741913
141.350768 33.868204 -26.115558
>
142.130000 31.730000 -9.748994
141.774123 31.482655 -18.811904
142.179777 31.347760 -10.005711
142.130000 31.730000 -9.748994
>
141.774123 31.482655 -18.811904
141.862929 31.872379 -15.947845
141.540580 31.895847 -23.962470
141.774123 31.482655 -18.811904
>
140.751897 33.633061 -48.568516
141.136701 33.510655 -34.115443
140.967702 33.915783 -38.935203
140.751897 33.633061 -48.568516
>
141.361261 31.249989 -29.386206
141.404702 31.603983 -28.062875
141.109536 31.573913 -39.555134
141.361261 31.249989 -29.386206
>
141.129734 30.996376 -39.066475
141.372817 30.870841 -31.591659
141.361261 31.249989 -29.386206
141.129734 30.996376 -39.066475
>
139.872122 34.727889 -80.672385
140.195290 34.525660 -67.619623
140.362186 34.827287 -60.940663
139.872122 34.727889 -80.672385
>
141.770697 32.201193 -17.598029
141.862929 31.872379 -15.947845
142.091528 32.054737 -10.300365
141.770697 32.201193 -17.598029
>
141.495718 32.873358 -22.677164
141.312406 32.653894 -29.027979
141.554325 32.523924 -22.074337
141.495718 32.873358 -22.677164
>
141.554325 32.523924 -22.074337
141.767879 32.801786 -15.087787
141.495718 32.873358 -22.677164
141.554325 32.523924 -22.074337
>
141.136701 33.510655 -34.115443
141.392315 33.195055 -26.012416
141.526098 33.466246 -21.741913
141.136701 33.510655 -34.115443
>
141.189335 35.168312 -31.457699
141.406348 34.926046 -25.345354
141.521523 35.173438 -22.555527
141.189335 35.168312 -31.457699
>
140.775025 32.950787 -49.617843
140.559339 33.301601 -59.557685
140.285957 33.029217 -80.081742
140.775025 32.950787 -49.617843
>
140.967702 33.915783 -38.935203
141.136701 33.510655 -34.115443
141.350768 33.868204 -26.115558
140.967702 33.915783 -38.935203
>
141.338805 30.472300 -44.719022
141.066537 30.716254 -52.334859
140.871752 30.424803 -79.676268
141.338805 30.472300 -44.719022
>
140.751897 33.633061 -48.568516
140.967702 33.915783 -38.935203
140.573404 34.020298 -54.140319
140.751897 33.633061 -48.568516
>
140.916645 31.912443 -47.838879
141.238009 31.817513 -33.552648
141.230715 32.089139 -33.383278
140.916645 31.912443 -47.838879
>
140.573404 34.020298 -54.140319
140.316897 34.260977 -63.791489
140.119717 33.836664 -79.874744
140.573404 34.020298 -54.140319
>
140.362186 34.827287 -60.940663
140.195290 34.525660 -67.619623
140.440105 34.563840 -57.818276
140.362186 34.827287 -60.940663
>
141.106735 33.183695 -35.782526
141.392315 33.195055 -26.012416
141.136701 33.510655 -34.115443
141.106735 33.183695 -35.782526
>
140.485896 36.211451 -55.538050
140.200185 36.193081 -65.729108
140.436764 35.906925 -54.722529
140.485896 36.211451 -55.538050
>
141.361261 31.249989 -29.386206
141.372817 30.870841 -31.591659
141.683577 31.047904 -21.020000
141.361261 31.249989 -29.386206
>
140.754858 34.684889 -46.112406
141.122156 34.481143 -33.320800
141.139467 34.813341 -33.131540
140.754858 34.684889 -46.112406
>
140.573404 34.020298 -54.140319
140.967702 33.915783 -38.935203
140.856285 34.299979 -42.231288
140.573404 34.020298 -54.140319
>
141.526098 33.466246 -21.741913
141.696034 33.135493 -17.458098
141.987235 33.417141 -10.225075
141.526098 33.466246 -21.741913
>
140.614475 35.071374 -51.381704
140.554957 35.365909 -52.239818
140.231586 35.185268 -64.593872
140.614475 35.071374 -51.381704
>
140.944276 32.300650 -44.670931
140.916645 31.912443 -47.838879
141.230715 32.089139 -33.383278
140.944276 32.300650 -44.670931
>
140.231586 35.185268 -64.593872
140.554957 35.365909 -52.239818
140.349007 35.570541 -58.935083
140.231586 35.185268 -64.593872
>
140.559339 33.301601 -59.557685
140.435702 33.673554 -63.266870
140.183047 33.432940 -80.095308
140.559339 33.301601 -59.557685
>
140.650099 31.018514 -79.917779
140.894693 30.917563 -58.353612
140.930055 31.251644 -52.485475
140.650099 31.018514 -79.917779
>
141.540580 31.895847 -23.962470
141.404702 31.603983 -28.062875
141.774123 31.482655 -18.811904
141.540580 31.895847 -23.962470
>
140.856285 34.299979 -42.231288
141.122156 34.481143 -33.320800
140.754858 34.684889 -46.112406
140.856285 34.299979 -42.231288
>
139.801098 35.710865 -79.615505
140.043177 35.448101 -69.934125
140.134655 35.855801 -66.363192
139.801098 35.710865 -79.615505
>
140.578854 31.778465 -79.852650
140.916645 31.912443 -47.838879
140.499693 32.229685 -80.012130
140.578854 31.778465 -79.852650
>
141.696034 33.135493 -17.458098
141.767879 32.801786 -15.087787
142.006957 33.059370 -10.345719
141.696034 33.135493 -17.458098
>
140.499693 32.229685 -80.012130
140.916645 31.912443 -47.838879
140.944276 32.300650 -44.670931
140.499693 32.229685 -80.012130
>
141.526098 33.466246 -21.741913
141.670652 33.720947 -16.858612
141.350768 33.868204 -26.115558
141.526098 33.466246 -21.741913
>
141.931077 33.807451 -9.516235
141.670652 33.720947 -16.858612
141.987235 33.417141 -10.225075
141.931077 33.807451 -9.516235
>
140.499693 32.229685 -80.012130
140.724782 32.575484 -56.099102
140.404699 32.680906 -80.093240
140.499693 32.229685 -80.012130
>
141.495718 32.873358 -22.677164
141.767879 32.801786 -15.087787
141.696034 33.135493 -17.458098
141.495718 32.873358 -22.677164
>
140.775025 32.950787 -49.617843
140.724782 32.575484 -56.099102
141.030266 32.604060 -40.183030
140.775025 32.950787 -49.617843
>
140.930055 31.251644 -52.485475
140.894693 30.917563 -58.353612
141.129734 30.996376 -39.066475
140.930055 31.251644 -52.485475
>
140.856285 34.299979 -42.231288
140.588310 34.365997 -52.188044
140.573404 34.020298 -54.140319
140.856285 34.299979 -42.231288
>
141.106735 33.183695 -35.782526
140.861392 33.312541 -45.142607
140.775025 32.950787 -49.617843
141.106735 33.183695 -35.782526
>
139.872122 34.727889 -80.672385
140.231586 35.185268 -64.593872
139.785041 35.205092 -80.242675
139.872122 34.727889 -80.672385
>
140.751897 33.633061 -48.568516
140.435702 33.673554 -63.266870
140.559339 33.301601 -59.557685
140.751897 33.633061 -48.568516
>
140.404699 32.680906 -80.093240
140.724782 32.575484 -56.099102
140.775025 32.950787 -49.617843
140.404699 32.680906 -80.093240
>
140.650099 31.018514 -79.917779
140.930055 31.251644 -52.485475
140.642183 31.382657 -79.054665
140.650099 31.018514 -79.917779
>
140.740819 35.956067 -44.354060
140.710023 35.654606 -44.703022
140.947945 35.824256 -37.961997
140.740819 35.956067 -44.354060
>
140.119717 33.836664 -79.874744
140.316897 34.260977 -63.791489
139.985143 34.248304 -80.261217
140.119717 33.836664 -79.874744
>
141.354230 35.437060 -27.191619
141.117670 35.443542 -33.138069
141.189335 35.168312 -31.457699
141.354230 35.437060 -27.191619
>
141.774123 31.482655 -18.811904
141.404702 31.603983 -28.062875
141.361261 31.249989 -29.386206
141.774123 31.482655 -18.811904
>
140.573404 34.020298 -54.140319
140.435702 33.673554 -63.266870
140.751897 33.633061 -48.568516
140.573404 34.020298 -54.140319
>
141.139467 34.813341 -33.131540
141.406348 34.926046 -25.345354
141.189335 35.168312 -31.457699
141.139467 34.813341 -33.131540
>
141.883000 34.212700 -11.003277
141.632966 34.036185 -17.481914
141.931077 33.807451 -9.516235
141.883000 34.212700 -11.003277
>
141.230715 32.089139 -33.383278
141.263553 32.393090 -31.748747
140.944276 32.300650 -44.670931
141.230715 32.089139 -33.383278
>
140.285957 33.029217 -80.081742
140.559339 33.301601 -59.557685
140.183047 33.432940 -80.095308
140.285957 33.029217 -80.081742
>
141.672884 34.852148 -18.129461
141.450541 34.602520 -23.649603
141.784413 34.563811 -14.841040
141.672884 34.852148 -18.129461
>
140.119717 33.836664 -79.874744
140.435702 33.673554 -63.266870
140.573404 34.020298 -54.140319
140.119717 33.836664 -79.874744
>
140.740819 35.956067 -44.354060
140.436764 35.906925 -54.722529
140.710023 35.654606 -44.703022
140.740819 35.956067 -44.354060
>
141.540580 31.895847 -23.962470
141.862929 31.872379 -15.947845
141.770697 32.201193 -17.598029
141.540580 31.895847 -23.962470
>
140.944276 32.300650 -44.670931
141.263553 32.393090 -31.748747
141.030266 32.604060 -40.183030
140.944276 32.300650 -44.670931
>
140.869695 35.347755 -40.466319
140.554957 35.365909 -52.239818
140.614475 35.071374 -51.381704
140.869695 35.347755 -40.466319
>
141.189335 35.168312 -31.457699
141.117670 35.443542 -33.138069
140.869695 35.347755 -40.466319
141.189335 35.168312 -31.457699
>
139.801098 35.710865 -79.615505
140.134655 35.855801 -66.363192
139.833210 36.176497 -80.433471
139.801098 35.710865 -79.615505
>
141.066537 30.716254 -52.334859
141.372817 30.870841 -31.591659
141.129734 30.996376 -39.066475
141.066537 30.716254 -52.334859
>
141.214696 32.878593 -31.486835
141.312406 32.653894 -29.027979
141.495718 32.873358 -22.677164
141.214696 32.878593 -31.486835
>
140.436764 35.906925 -54.722529
140.200185 36.193081 -65.729108
140.134655 35.855801 -66.363192
140.436764 35.906925 -54.722529
>
141.450541 34.602520 -23.649603
141.639649 34.333767 -17.790607
141.784413 34.563811 -14.841040
141.450541 34.602520 -23.649603
>
142.034438 32.337184 -11.784684
141.829848 32.508989 -14.899985
141.770697 32.201193 -17.598029
142.034438 32.337184 -11.784684
>
140.710023 35.654606 -44.703022
140.970354 35.590953 -36.856807
140.947945 35.824256 -37.961997
140.710023 35.654606 -44.703022
>
140.710023 35.654606 -44.703022
140.436764 35.906925 -54.722529
140.349007 35.570541 -58.935083
140.710023 35.654606 -44.703022
>
140.871752 30.424803 -79.676268
141.066537 30.716254 -52.334859
140.760926 30.670204 -79.819906
140.871752 30.424803 -79.676268
>
140.760926 30.670204 -79.819906
140.894693 30.917563 -58.353612
140.650099 31.018514 -79.917779
140.760926 30.670204 -79.819906
>
140.614475 35.071374 -51.381704
140.362186 34.827287 -60.940663
140.754858 34.684889 -46.112406
140.614475 35.071374 -51.381704
>
140.349007 35.570541 -58.935083
140.436764 35.906925 -54.722529
140.134655 35.855801 -66.363192
140.349007 35.570541 -58.935083
>
140.349007 35.570541 -58.935083
140.554957 35.365909 -52.239818
140.710023 35.654606 -44.703022
140.349007 35.570541 -58.935083
>
141.521523 35.173438 -22.555527
141.406348 34.926046 -25.345354
141.672884 34.852148 -18.129461
141.521523 35.173438 -22.555527
>
140.231586 35.185268 -64.593872
140.362186 34.827287 -60.940663
140.614475 35.071374 -51.381704
140.231586 35.185268 -64.593872
>
141.350768 33.868204 -26.115558
141.137157 34.162499 -32.648006
140.967702 33.915783 -38.935203
141.350768 33.868204 -26.115558
>
140.947945 35.824256 -37.961997
140.970354 35.590953 -36.856807
141.202869 35.667730 -31.461261
140.947945 35.824256 -37.961997
>
141.189335 35.168312 -31.457699
140.913566 35.017134 -40.347921
141.139467 34.813341 -33.131540
141.189335 35.168312 -31.457699
>
142.019325 32.702799 -9.212580
141.829848 32.508989 -14.899985
142.034438 32.337184 -11.784684
142.019325 32.702799 -9.212580
>
141.139467 34.813341 -33.131540
140.913566 35.017134 -40.347921
140.754858 34.684889 -46.112406
141.139467 34.813341 -33.131540
>
140.754858 34.684889 -46.112406
140.588310 34.365997 -52.188044
140.856285 34.299979 -42.231288
140.754858 34.684889 -46.112406
>
141.495718 32.873358 -22.677164
141.392315 33.195055 -26.012416
141.214696 32.878593 -31.486835
141.495718 32.873358 -22.677164
>
139.985143 34.248304 -80.261217
140.195290 34.525660 -67.619623
139.872122 34.727889 -80.672385
139.985143 34.248304 -80.261217
>
142.006957 33.059370 -10.345719
141.767879 32.801786 -15.087787
142.019325 32.702799 -9.212580
142.006957 33.059370 -10.345719
>
141.214696 32.878593 -31.486835
141.392315 33.195055 -26.012416
141.106735 33.183695 -35.782526
141.214696 32.878593 -31.486835
>
140.775025 32.950787 -49.617843
140.861392 33.312541 -45.142607
140.559339 33.301601 -59.557685
140.775025 32.950787 -49.617843
>
142.179777 31.347760 -10.005711
141.977385 31.122281 -15.111494
142.235935 30.942721 -9.755745
142.179777 31.347760 -10.005711
>
140.134655 35.855801 -66.363192
140.200185 36.193081 -65.729108
139.833210 36.176497 -80.433471
140.134655 35.855801 -66.363192
>
141.977385 31.122281 -15.111494
141.962569 30.816239 -16.780339
142.235935 30.942721 -9.755745
141.977385 31.122281 -15.111494
>
141.388873 34.247386 -24.787803
141.639649 34.333767 -17.790607
141.450541 34.602520 -23.649603
141.388873 34.247386 -24.787803
>
140.754858 34.684889 -46.112406
140.362186 34.827287 -60.940663
140.440105 34.563840 -57.818276
140.754858 34.684889 -46.112406
>
140.754858 34.684889 -46.112406
140.913566 35.017134 -40.347921
140.614475 35.071374 -51.381704
140.754858 34.684889 -46.112406
>
139.785041 35.205092 -80.242675
140.043177 35.448101 -69.934125
139.801098 35.710865 -79.615505
139.785041 35.205092 -80.242675
>
141.770697 32.201193 -17.598029
141.829848 32.508989 -14.899985
141.554325 32.523924 -22.074337
141.770697 32.201193 -17.598029
>
141.350768 33.868204 -26.115558
141.670652 33.720947 -16.858612
141.632966 34.036185 -17.481914
141.350768 33.868204 -26.115558
>
141.632966 34.036185 -17.481914
141.670652 33.720947 -16.858612
141.931077 33.807451 -9.516235
141.632966 34.036185 -17.481914
>
140.869695 35.347755 -40.466319
140.970354 35.590953 -36.856807
140.710023 35.654606 -44.703022
140.869695 35.347755 -40.466319
>
140.349007 35.570541 -58.935083
140.043177 35.448101 -69.934125
140.231586 35.185268 -64.593872
140.349007 35.570541 -58.935083
>
140.440105 34.563840 -57.818276
140.588310 34.365997 -52.188044
140.754858 34.684889 -46.112406
140.440105 34.563840 -57.818276
>
140.183047 33.432940 -80.095308
140.435702 33.673554 -63.266870
140.119717 33.836664 -79.874744
140.183047 33.432940 -80.095308
>
141.066537 30.716254 -52.334859
140.894693 30.917563 -58.353612
140.760926 30.670204 -79.819906
141.066537 30.716254 -52.334859
>
142.235935 30.942721 -9.755745
141.962569 30.816239 -16.780339
142.288514 30.545359 -10.896971
142.235935 30.942721 -9.755745
>
141.784413 34.563811 -14.841040
141.639649 34.333767 -17.790607
141.883000 34.212700 -11.003277
141.784413 34.563811 -14.841040
>
142.288514 30.545359 -10.896971
141.962569 30.816239 -16.780339
141.908768 30.519797 -21.233661
142.288514 30.545359 -10.896971
>
141.672884 34.852148 -18.129461
141.406348 34.926046 -25.345354
141.450541 34.602520 -23.649603
141.672884 34.852148 -18.129461
>
141.774123 31.482655 -18.811904
141.977385 31.122281 -15.111494
142.179777 31.347760 -10.005711
141.774123 31.482655 -18.811904
>
141.987235 33.417141 -10.225075
141.696034 33.135493 -17.458098
142.006957 33.059370 -10.345719
141.987235 33.417141 -10.225075
>
140.710023 35.654606 -44.703022
140.554957 35.365909 -52.239818
140.869695 35.347755 -40.466319
140.710023 35.654606 -44.703022
>
141.109536 31.573913 -39.555134
140.833385 31.581920 -58.283071
140.930055 31.251644 -52.485475
141.109536 31.573913 -39.555134
>
140.930055 31.251644 -52.485475
140.833385 31.581920 -58.283071
140.642183 31.382657 -79.054665
140.930055 31.251644 -52.485475
>
141.683577 31.047904 -21.020000
141.962569 30.816239 -16.780339
141.977385 31.122281 -15.111494
141.683577 31.047904 -21.020000
>
141.338805 30.472300 -44.719022
141.372817 30.870841 -31.591659
141.066537 30.716254 -52.334859
141.338805 30.472300 -44.719022
>
140.642183 31.382657 -79.054665
140.833385 31.581920 -58.283071
140.578854 31.778465 -79.852650
140.642183 31.382657 -79.054665
>
141.632966 34.036185 -17.481914
141.639649 34.333767 -17.790607
141.388873 34.247386 -24.787803
141.632966 34.036185 -17.481914
>
142.091528 32.054737 -10.300365
141.862929 31.872379 -15.947845
142.130000 31.730000 -9.748994
142.091528 32.054737 -10.300365
>
141.450541 34.602520 -23.649603
141.406348 34.926046 -25.345354
141.139467 34.813341 -33.131540
141.450541 34.602520 -23.649603
>
141.202869 35.667730 -31.461261
141.117670 35.443542 -33.138069
141.354230 35.437060 -27.191619
141.202869 35.667730 -31.461261
>
141.883000 34.212700 -11.003277
141.639649 34.333767 -17.790607
141.632966 34.036185 -17.481914
141.883000 34.212700 -11.003277
>
140.967702 33.915783 -38.935203
141.137157 34.162499 -32.648006
140.856285 34.299979 -42.231288
140.967702 33.915783 -38.935203
>
141.554325 32.523924 -22.074337
141.481229 32.215293 -25.177196
141.770697 32.201193 -17.598029
141.554325 32.523924 -22.074337
>
141.829848 32.508989 -14.899985
141.767879 32.801786 -15.087787
141.554325 32.523924 -22.074337
141.829848 32.508989 -14.899985
>
141.129734 30.996376 -39.066475
140.894693 30.917563 -58.353612
141.066537 30.716254 -52.334859
141.129734 30.996376 -39.066475
>
141.109536 31.573913 -39.555134
141.238009 31.817513 -33.552648
140.916645 31.912443 -47.838879
141.109536 31.573913 -39.555134
>
140.559339 33.301601 -59.557685
140.861392 33.312541 -45.142607
140.751897 33.633061 -48.568516
140.559339 33.301601 -59.557685
>
141.139467 34.813341 -33.131540
141.122156 34.481143 -33.320800
141.450541 34.602520 -23.649603
141.139467 34.813341 -33.131540
>
141.450541 34.602520 -23.649603
141.122156 34.481143 -33.320800
141.388873 34.247386 -24.787803
141.450541 34.602520 -23.649603
>
141.136701 33.510655 -34.115443
140.861392 33.312541 -45.142607
141.106735 33.183695 -35.782526
141.136701 33.510655 -34.115443
>
141.338805 30.472300 -44.719022
141.653307 30.745416 -25.373357
141.372817 30.870841 -31.591659
141.338805 30.472300 -44.719022
>
140.286737 36.433882 -66.501327
140.200185 36.193081 -65.729108
140.485896 36.211451 -55.538050
140.286737 36.433882 -66.501327
>
140.231586 35.185268 -64.593872
140.043177 35.448101 -69.934125
139.785041 35.205092 -80.242675
140.231586 35.185268 -64.593872
>
141.030266 32.604060 -40.183030
141.312406 32.653894 -29.027979
141.214696 32.878593 -31.486835
141.030266 32.604060 -40.183030
>
141.404702 31.603983 -28.062875
141.238009 31.817513 -33.552648
141.109536 31.573913 -39.555134
141.404702 31.603983 -28.062875
>
140.751897 33.633061 -48.568516
140.861392 33.312541 -45.142607
141.136701 33.510655 -34.115443
140.751897 33.633061 -48.568516
>
140.573404 34.020298 -54.140319
140.588310 34.365997 -52.188044
140.316897 34.260977 -63.791489
140.573404 34.020298 -54.140319
>
141.696034 33.135493 -17.458098
141.392315 33.195055 -26.012416
141.495718 32.873358 -22.677164
141.696034 33.135493 -17.458098
>
141.263553 32.393090 -31.748747
141.312406 32.653894 -29.027979
141.030266 32.604060 -40.183030
141.263553 32.393090 -31.748747
>
140.856285 34.299979 -42.231288
141.137157 34.162499 -32.648006
141.122156 34.481143 -33.320800
140.856285 34.299979 -42.231288
>
141.526098 33.466246 -21.741913
141.392315 33.195055 -26.012416
141.696034 33.135493 -17.458098
141.526098 33.466246 -21.741913
>
141.122156 34.481143 -33.320800
141.137157 34.162499 -32.648006
141.388873 34.247386 -24.787803
141.122156 34.481143 -33.320800
>
141.263553 32.393090 -31.748747
141.481229 32.215293 -25.177196
141.554325 32.523924 -22.074337
141.263553 32.393090 -31.748747
>
141.372817 30.870841 -31.591659
141.653307 30.745416 -25.373357
141.683577 31.047904 -21.020000
141.372817 30.870841 -31.591659
>
141.230715 32.089139 -33.383278
141.481229 32.215293 -25.177196
141.263553 32.393090 -31.748747
141.230715 32.089139 -33.383278
>
141.554325 32.523924 -22.074337
141.312406 32.653894 -29.027979
141.263553 32.393090 -31.748747
141.554325 32.523924 -22.074337
>
142.019325 32.702799 -9.212580
141.767879 32.801786 -15.087787
141.829848 32.508989 -14.899985
142.019325 32.702799 -9.212580
>
141.202869 35.667730 -31.461261
140.970354 35.590953 -36.856807
141.117670 35.443542 -33.138069
141.202869 35.667730 -31.461261
>
141.908768 30.519797 -21.233661
141.962569 30.816239 -16.780339
141.653307 30.745416 -25.373357
141.908768 30.519797 -21.233661
>
141.653307 30.745416 -25.373357
141.962569 30.816239 -16.780339
141.683577 31.047904 -21.020000
141.653307 30.745416 -25.373357
>
140.916645 31.912443 -47.838879
140.833385 31.581920 -58.283071
141.109536 31.573913 -39.555134
140.916645 31.912443 -47.838879
>
141.117670 35.443542 -33.138069
140.970354 35.590953 -36.856807
140.869695 35.347755 -40.466319
141.117670 35.443542 -33.138069
>
140.316897 34.260977 -63.791489
140.588310 34.365997 -52.188044
140.440105 34.563840 -57.818276
140.316897 34.260977 -63.791489
>
140.440105 34.563840 -57.818276
140.195290 34.525660 -67.619623
140.316897 34.260977 -63.791489
140.440105 34.563840 -57.818276
>
140.316897 34.260977 -63.791489
140.195290 34.525660 -67.619623
139.985143 34.248304 -80.261217
140.316897 34.260977 -63.791489
>
140.578854 31.778465 -79.852650
140.833385 31.581920 -58.283071
140.916645 31.912443 -47.838879
140.578854 31.778465 -79.852650
>
141.908768 30.519797 -21.233661
141.653307 30.745416 -25.373357
141.338805 30.472300 -44.719022
141.908768 30.519797 -21.233661
>
140.023846 36.573932 -80.060320
140.200185 36.193081 -65.729108
140.286737 36.433882 -66.501327
140.023846 36.573932 -80.060320
