141.361732 34.788543 -13.903300
141.361954 34.960963 -16.532477
141.186954 34.850957 -13.880992
141.361732 34.788543 -13.903300
>
141.361954 34.960963 -16.532477
141.361732 34.788543 -13.903300
141.497887 34.882886 -15.903738
141.361954 34.960963 -16.532477
>
141.724589 34.263357 -7.472693
141.829842 34.384150 -10.984375
141.648491 34.455334 -10.907122
141.724589 34.263357 -7.472693
>
140.518883 35.613715 -31.746384
140.677545 35.684251 -30.165878
140.538351 35.758576 -32.906712
140.518883 35.613715 -31.746384
>
140.677545 35.684251 -30.165878
140.774085 35.523787 -26.609191
140.879469 35.664635 -28.390239
140.677545 35.684251 -30.165878
>
140.677545 35.684251 -30.165878
140.518883 35.613715 -31.746384
140.635544 35.533859 -28.726729
140.677545 35.684251 -30.165878
>
139.790558 36.101392 -48.916800
139.754697 36.280174 -60.655263
139.655164 36.122519 -52.720520
139.790558 36.101392 -48.916800
>
140.453633 35.130060 -16.502447
140.243492 35.100558 -14.053573
140.352251 34.980136 -11.021682
140.453633 35.130060 -16.502447
>
141.040898 35.549870 -26.144212
141.025513 35.342033 -22.015979
141.160913 35.475503 -24.621710
141.040898 35.549870 -26.144212
>
141.215442 35.656616 -27.879716
141.061477 35.754769 -30.222957
141.040898 35.549870 -26.144212
141.215442 35.656616 -27.879716
>
140.774085 35.523787 -26.609191
140.677545 35.684251 -30.165878
140.635544 35.533859 -28.726729
140.774085 35.523787 -26.609191
>
139.754697 36.280174 -60.655263
139.625751 36.241683 -60.676920
139.655164 36.122519 -52.720520
139.754697 36.280174 -60.655263
>
140.735472 34.557558 -4.887959
140.901336 34.517400 -5.520389
140.884536 34.714673 -9.383725
140.735472 34.557558 -4.887959
>
141.361954 34.960963 -16.532477
141.573411 35.046528 -17.995735
141.372004 35.124518 -18.974892
141.361954 34.960963 -16.532477
>
140.007921 35.446099 -24.883458
140.037545 35.304042 -19.020918
140.172296 35.417295 -27.683817
140.007921 35.446099 -24.883458
>
140.195885 34.928362 -8.278043
140.243492 35.100558 -14.053573
140.092008 35.016485 -10.484559
140.195885 34.928362 -8.278043
>
140.630660 35.259822 -20.356443
140.453633 35.130060 -16.502447
140.636133 35.055670 -14.843821
140.630660 35.259822 -20.356443
>
141.025513 35.342033 -22.015979
141.221047 35.339225 -22.193953
141.160913 35.475503 -24.621710
141.025513 35.342033 -22.015979
>
140.034648 35.774653 -35.591818
139.876258 35.688761 -31.693495
140.005230 35.600059 -30.984091
140.034648 35.774653 -35.591818
>
139.496806 36.203192 -61.522371
139.497858 36.061640 -51.501948
139.655164 36.122519 -52.720520
139.496806 36.203192 -61.522371
>
140.243492 35.100558 -14.053573
140.195885 34.928362 -8.278043
140.352251 34.980136 -11.021682
140.243492 35.100558 -14.053573
>
140.138605 35.665949 -34.066125
140.034648 35.774653 -35.591818
140.005230 35.600059 -30.984091
140.138605 35.665949 -34.066125
>
141.064337 34.730586 -11.011083
141.215958 34.626108 -9.919769
141.186954 34.850957 -13.880992
141.064337 34.730586 -11.011083
>
141.215958 34.626108 -9.919769
141.361732 34.788543 -13.903300
141.186954 34.850957 -13.880992
141.215958 34.626108 -9.919769
>
140.884536 34.714673 -9.383725
140.901336 34.517400 -5.520389
141.023383 34.603875 -8.421321
140.884536 34.714673 -9.383725
>
141.573411 35.046528 -17.995735
141.361954 34.960963 -16.532477
141.497887 34.882886 -15.903738
141.573411 35.046528 -17.995735
>
140.453633 35.130060 -16.502447
140.630660 35.259822 -20.356443
140.475800 35.284893 -22.556052
140.453633 35.130060 -16.502447
>
141.361732 34.788543 -13.903300
141.543868 34.731604 -14.119862
141.497887 34.882886 -15.903738
141.361732 34.788543 -13.903300
>
140.037545 35.304042 -19.020918
140.198012 35.263918 -19.981758
140.172296 35.417295 -27.683817
140.037545 35.304042 -19.020918
>
141.566177 34.314014 -8.006986
141.724589 34.263357 -7.472693
141.648491 34.455334 -10.907122
141.566177 34.314014 -8.006986
>
140.243492 35.100558 -14.053573
140.453633 35.130060 -16.502447
140.342001 35.232876 -19.886194
140.243492 35.100558 -14.053573
>
140.307657 34.808557 -5.701540
140.403744 34.637873 -2.610792
140.441077 34.774452 -6.111656
140.307657 34.808557 -5.701540
>
140.226537 34.667878 -1.644800
140.403744 34.637873 -2.610792
140.307657 34.808557 -5.701540
140.226537 34.667878 -1.644800
>
139.754697 36.280174 -60.655263
139.790558 36.101392 -48.916800
139.883863 36.190879 -52.758723
139.754697 36.280174 -60.655263
>
140.453633 35.130060 -16.502447
140.352251 34.980136 -11.021682
140.495097 34.996464 -12.553175
140.453633 35.130060 -16.502447
>
139.870850 35.501746 -24.066458
139.701845 35.437897 -18.346416
139.882562 35.352081 -18.213102
139.870850 35.501746 -24.066458
>
139.876258 35.688761 -31.693495
139.812041 35.852839 -36.984281
139.706265 35.723645 -30.290443
139.876258 35.688761 -31.693495
>
140.677545 35.684251 -30.165878
140.879469 35.664635 -28.390239
140.768385 35.807791 -30.239187
140.677545 35.684251 -30.165878
>
140.879469 35.664635 -28.390239
140.774085 35.523787 -26.609191
140.912104 35.477593 -24.882335
140.879469 35.664635 -28.390239
>
139.625751 36.241683 -60.676920
139.496806 36.203192 -61.522371
139.655164 36.122519 -52.720520
139.625751 36.241683 -60.676920
>
140.623852 35.886073 -33.865050
140.641921 36.066548 -39.428541
140.481081 36.035433 -38.521925
140.623852 35.886073 -33.865050
>
139.578951 35.113807 -7.919523
139.727198 35.004293 -8.823189
139.732866 35.155522 -11.597696
139.578951 35.113807 -7.919523
>
141.040898 35.549870 -26.144212
140.879469 35.664635 -28.390239
140.912104 35.477593 -24.882335
141.040898 35.549870 -26.144212
>
141.040898 35.549870 -26.144212
141.061477 35.754769 -30.222957
140.879469 35.664635 -28.390239
141.040898 35.549870 -26.144212
>
140.418672 36.297495 -48.749807
140.291651 36.436064 -60.066716
140.248533 36.296168 -50.561977
140.418672 36.297495 -48.749807
>
140.043382 36.343685 -60.280149
139.899039 36.311930 -61.374164
140.025207 36.204519 -51.424090
140.043382 36.343685 -60.280149
>
141.064337 34.730586 -11.011083
140.884536 34.714673 -9.383725
141.023383 34.603875 -8.421321
141.064337 34.730586 -11.011083
>
140.630660 35.259822 -20.356443
140.528300 35.428872 -27.965722
140.475800 35.284893 -22.556052
140.630660 35.259822 -20.356443
>
140.569608 34.597715 -3.641457
140.582319 34.784367 -7.934010
140.441077 34.774452 -6.111656
140.569608 34.597715 -3.641457
>
141.186954 34.850957 -13.880992
141.361954 34.960963 -16.532477
141.213698 35.025156 -16.932649
141.186954 34.850957 -13.880992
>
139.727198 35.004293 -8.823189
139.578951 35.113807 -7.919523
139.597690 34.954950 -5.248881
139.727198 35.004293 -8.823189
>
140.528300 35.428872 -27.965722
140.518883 35.613715 -31.746384
140.411560 35.509095 -31.741904
140.528300 35.428872 -27.965722
>
140.884536 34.714673 -9.383725
141.064337 34.730586 -11.011083
141.010852 34.857317 -12.926525
140.884536 34.714673 -9.383725
>
140.403744 34.637873 -2.610792
140.569608 34.597715 -3.641457
140.441077 34.774452 -6.111656
140.403744 34.637873 -2.610792
>
140.518883 35.613715 -31.746384
140.528300 35.428872 -27.965722
140.635544 35.533859 -28.726729
140.518883 35.613715 -31.746384
>
140.070652 35.152066 -14.421640
140.037545 35.304042 -19.020918
139.893831 35.192794 -14.121615
140.070652 35.152066 -14.421640
>
140.346749 35.382049 -27.890745
140.528300 35.428872 -27.965722
140.411560 35.509095 -31.741904
140.346749 35.382049 -27.890745
>
140.724709 34.870572 -11.151321
140.884536 34.714673 -9.383725
140.878022 34.892565 -12.693479
140.724709 34.870572 -11.151321
>
140.815715 35.345640 -21.905167
140.630660 35.259822 -20.356443
140.780552 35.169034 -17.753982
140.815715 35.345640 -21.905167
>
139.701845 35.437897 -18.346416
139.751136 35.293027 -14.895433
139.882562 35.352081 -18.213102
139.701845 35.437897 -18.346416
>
140.903636 35.227291 -19.355399
140.815715 35.345640 -21.905167
140.780552 35.169034 -17.753982
140.903636 35.227291 -19.355399
>
140.884536 34.714673 -9.383725
140.724709 34.870572 -11.151321
140.699603 34.708845 -7.590325
140.884536 34.714673 -9.383725
>
139.959024 35.034600 -10.762582
140.070652 35.152066 -14.421640
139.893831 35.192794 -14.121615
139.959024 35.034600 -10.762582
>
141.829842 34.384150 -10.984375
141.776685 34.555601 -12.922625
141.648491 34.455334 -10.907122
141.829842 34.384150 -10.984375
>
140.528300 35.428872 -27.965722
140.346749 35.382049 -27.890745
140.475800 35.284893 -22.556052
140.528300 35.428872 -27.965722
>
141.025513 35.342033 -22.015979
141.040898 35.549870 -26.144212
140.912104 35.477593 -24.882335
141.025513 35.342033 -22.015979
>
141.723527 34.727051 -14.604049
141.648469 34.886790 -16.204010
141.543868 34.731604 -14.119862
141.723527 34.727051 -14.604049
>
139.367860 36.164701 -60.382649
139.364973 35.985717 -45.142065
139.497858 36.061640 -51.501948
139.367860 36.164701 -60.382649
>
140.753546 35.951074 -35.113304
140.641921 36.066548 -39.428541
140.623852 35.886073 -33.865050
140.753546 35.951074 -35.113304
>
140.138605 35.665949 -34.066125
140.276633 35.710289 -34.835779
140.160139 35.839384 -37.053778
140.138605 35.665949 -34.066125
>
139.812041 35.852839 -36.984281
139.876258 35.688761 -31.693495
139.916915 35.801057 -35.635940
139.812041 35.852839 -36.984281
>
140.878022 34.892565 -12.693479
140.884536 34.714673 -9.383725
141.010852 34.857317 -12.926525
140.878022 34.892565 -12.693479
>
141.723527 34.727051 -14.604049
141.543868 34.731604 -14.119862
141.650251 34.611497 -13.130867
141.723527 34.727051 -14.604049
>
140.243492 35.100558 -14.053573
140.070652 35.152066 -14.421640
140.092008 35.016485 -10.484559
140.243492 35.100558 -14.053573
>
141.215442 35.656616 -27.879716
141.040898 35.549870 -26.144212
141.160913 35.475503 -24.621710
141.215442 35.656616 -27.879716
>
141.404049 35.356383 -22.357488
141.309746 35.506500 -24.924997
141.221047 35.339225 -22.193953
141.404049 35.356383 -22.357488
>
139.496806 36.203192 -61.522371
139.367860 36.164701 -60.382649
139.497858 36.061640 -51.501948
139.496806 36.203192 -61.522371
>
140.528300 35.428872 -27.965722
140.630660 35.259822 -20.356443
140.678906 35.418669 -24.963149
140.528300 35.428872 -27.965722
>
141.573411 35.046528 -17.995735
141.498353 35.206267 -20.086402
141.372004 35.124518 -18.974892
141.573411 35.046528 -17.995735
>
140.198012 35.263918 -19.981758
140.037545 35.304042 -19.020918
140.070652 35.152066 -14.421640
140.198012 35.263918 -19.981758
>
139.500798 35.920115 -40.330589
139.362086 35.806732 -31.683926
139.479487 35.806075 -32.413590
139.500798 35.920115 -40.330589
>
140.451594 35.873004 -35.685048
140.623852 35.886073 -33.865050
140.481081 36.035433 -38.521925
140.451594 35.873004 -35.685048
>
141.070146 34.466490 -5.466385
141.238956 34.415581 -5.235477
141.215958 34.626108 -9.919769
141.070146 34.466490 -5.466385
>
139.701845 35.437897 -18.346416
139.870850 35.501746 -24.066458
139.772302 35.590657 -25.726405
139.701845 35.437897 -18.346416
>
139.332086 35.360903 -9.456134
139.469381 35.274029 -9.402198
139.441618 35.430406 -14.255593
139.332086 35.360903 -9.456134
>
141.229157 35.171862 -19.404821
141.041842 35.139133 -18.159788
141.213698 35.025156 -16.932649
141.229157 35.171862 -19.404821
>
139.332086 35.360903 -9.456134
139.334057 35.213935 -3.876046
139.469381 35.274029 -9.402198
139.332086 35.360903 -9.456134
>
140.243492 35.100558 -14.053573
140.198012 35.263918 -19.981758
140.070652 35.152066 -14.421640
140.243492 35.100558 -14.053573
>
139.352086 35.658122 -23.448450
139.342086 35.509513 -16.337694
139.489888 35.577684 -20.728715
139.352086 35.658122 -23.448450
>
139.701845 35.437897 -18.346416
139.551809 35.389921 -14.582495
139.616485 35.269499 -12.224775
139.701845 35.437897 -18.346416
>
140.724709 34.870572 -11.151321
140.582319 34.784367 -7.934010
140.699603 34.708845 -7.590325
140.724709 34.870572 -11.151321
>
139.949812 36.056383 -44.860518
139.790558 36.101392 -48.916800
139.845726 35.979299 -42.262831
139.949812 36.056383 -44.860518
>
141.361732 34.788543 -13.903300
141.215958 34.626108 -9.919769
141.404631 34.647813 -11.986681
141.361732 34.788543 -13.903300
>
139.612050 35.992953 -45.318994
139.500798 35.920115 -40.330589
139.674420 35.878683 -37.988119
139.612050 35.992953 -45.318994
>
139.790558 36.101392 -48.916800
139.949812 36.056383 -44.860518
139.883863 36.190879 -52.758723
139.790558 36.101392 -48.916800
>
139.500798 35.920115 -40.330589
139.578897 35.791070 -32.307253
139.674420 35.878683 -37.988119
139.500798 35.920115 -40.330589
>
139.364973 35.985717 -45.142065
139.362086 35.806732 -31.683926
139.500798 35.920115 -40.330589
139.364973 35.985717 -45.142065
>
139.899039 36.311930 -61.374164
139.754697 36.280174 -60.655263
139.883863 36.190879 -52.758723
139.899039 36.311930 -61.374164
>
139.851726 34.915393 -7.861977
139.959024 35.034600 -10.762582
139.832929 35.060520 -11.109176
139.851726 34.915393 -7.861977
>
139.694081 34.791926 -3.811378
139.727198 35.004293 -8.823189
139.597690 34.954950 -5.248881
139.694081 34.791926 -3.811378
>
139.876258 35.688761 -31.693495
140.034648 35.774653 -35.591818
139.916915 35.801057 -35.635940
139.876258 35.688761 -31.693495
>
140.811347 35.016032 -14.701457
140.878022 34.892565 -12.693479
140.950994 34.998379 -15.117699
140.811347 35.016032 -14.701457
>
141.041842 35.139133 -18.159788
141.080246 34.968261 -15.296796
141.213698 35.025156 -16.932649
141.041842 35.139133 -18.159788
>
141.215958 34.626108 -9.919769
141.381882 34.512274 -9.519987
141.404631 34.647813 -11.986681
141.215958 34.626108 -9.919769
>
141.883000 34.212700 -8.700961
141.829842 34.384150 -10.984375
141.724589 34.263357 -7.472693
141.883000 34.212700 -8.700961
>
140.276633 35.710289 -34.835779
140.299203 35.852441 -36.741965
140.160139 35.839384 -37.053778
140.276633 35.710289 -34.835779
>
140.025207 36.204519 -51.424090
139.899039 36.311930 -61.374164
139.883863 36.190879 -52.758723
140.025207 36.204519 -51.424090
>
140.262597 35.546375 -32.888624
140.276633 35.710289 -34.835779
140.138605 35.665949 -34.066125
140.262597 35.546375 -32.888624
>
139.751136 35.293027 -14.895433
139.701845 35.437897 -18.346416
139.616485 35.269499 -12.224775
139.751136 35.293027 -14.895433
>
140.897674 35.109974 -16.973589
140.811347 35.016032 -14.701457
140.950994 34.998379 -15.117699
140.897674 35.109974 -16.973589
>
140.104491 35.531731 -30.964100
140.262597 35.546375 -32.888624
140.138605 35.665949 -34.066125
140.104491 35.531731 -30.964100
>
140.735472 34.557558 -4.887959
140.884536 34.714673 -9.383725
140.699603 34.708845 -7.590325
140.735472 34.557558 -4.887959
>
140.815715 35.345640 -21.905167
140.774085 35.523787 -26.609191
140.678906 35.418669 -24.963149
140.815715 35.345640 -21.905167
>
139.944209 35.904078 -38.911081
140.034648 35.774653 -35.591818
140.070495 35.954347 -40.052183
139.944209 35.904078 -38.911081
>
141.543868 34.731604 -14.119862
141.520578 34.576648 -11.928961
141.650251 34.611497 -13.130867
141.543868 34.731604 -14.119862
>
139.338000 34.920000 -1.271688
139.516041 34.855963 -2.111209
139.472248 35.009077 -3.891612
139.338000 34.920000 -1.271688
>
139.727198 35.004293 -8.823189
139.694081 34.791926 -3.811378
139.851726 34.915393 -7.861977
139.727198 35.004293 -8.823189
>
140.024999 34.873132 -6.217589
140.049329 34.697884 -1.712918
140.154902 34.791307 -3.905757
140.024999 34.873132 -6.217589
>
139.336029 35.066968 -1.466094
139.338000 34.920000 -1.271688
139.472248 35.009077 -3.891612
139.336029 35.066968 -1.466094
>
139.870850 35.501746 -24.066458
139.876258 35.688761 -31.693495
139.772302 35.590657 -25.726405
139.870850 35.501746 -24.066458
>
140.291651 36.436064 -60.066716
140.167517 36.389875 -59.766417
140.248533 36.296168 -50.561977
140.291651 36.436064 -60.066716
>
139.876258 35.688761 -31.693495
139.870850 35.501746 -24.066458
140.005230 35.600059 -30.984091
139.876258 35.688761 -31.693495
>
139.649745 35.586459 -23.283153
139.701845 35.437897 -18.346416
139.772302 35.590657 -25.726405
139.649745 35.586459 -23.283153
>
140.352251 34.980136 -11.021682
140.453598 34.894854 -9.405643
140.495097 34.996464 -12.553175
140.352251 34.980136 -11.021682
>
141.215958 34.626108 -9.919769
141.238956 34.415581 -5.235477
141.381882 34.512274 -9.519987
141.215958 34.626108 -9.919769
>
141.070146 34.466490 -5.466385
141.215958 34.626108 -9.919769
141.023383 34.603875 -8.421321
141.070146 34.466490 -5.466385
>
140.195885 34.928362 -8.278043
140.024999 34.873132 -6.217589
140.154902 34.791307 -3.905757
140.195885 34.928362 -8.278043
>
140.104491 35.531731 -30.964100
140.138605 35.665949 -34.066125
140.005230 35.600059 -30.984091
140.104491 35.531731 -30.964100
>
139.497858 36.061640 -51.501948
139.612050 35.992953 -45.318994
139.655164 36.122519 -52.720520
139.497858 36.061640 -51.501948
>
140.034648 35.774653 -35.591818
140.160139 35.839384 -37.053778
140.070495 35.954347 -40.052183
140.034648 35.774653 -35.591818
>
141.215958 34.626108 -9.919769
141.064337 34.730586 -11.011083
141.023383 34.603875 -8.421321
141.215958 34.626108 -9.919769
>
140.451594 35.873004 -35.685048
140.299203 35.852441 -36.741965
140.418807 35.735740 -34.131115
140.451594 35.873004 -35.685048
>
140.024999 34.873132 -6.217589
139.959024 35.034600 -10.762582
139.851726 34.915393 -7.861977
140.024999 34.873132 -6.217589
>
139.872122 34.727889 -3.526510
140.049329 34.697884 -1.712918
140.024999 34.873132 -6.217589
139.872122 34.727889 -3.526510
>
140.299203 35.852441 -36.741965
140.276633 35.710289 -34.835779
140.418807 35.735740 -34.131115
140.299203 35.852441 -36.741965
>
140.195885 34.928362 -8.278043
140.307657 34.808557 -5.701540
140.352251 34.980136 -11.021682
140.195885 34.928362 -8.278043
>
141.080246 34.968261 -15.296796
141.186954 34.850957 -13.880992
141.213698 35.025156 -16.932649
141.080246 34.968261 -15.296796
>
141.404049 35.356383 -22.357488
141.221047 35.339225 -22.193953
141.338678 35.244281 -20.725914
141.404049 35.356383 -22.357488
>
140.724709 34.870572 -11.151321
140.878022 34.892565 -12.693479
140.811347 35.016032 -14.701457
140.724709 34.870572 -11.151321
>
139.790558 36.101392 -48.916800
139.655164 36.122519 -52.720520
139.732011 35.981806 -43.417091
139.790558 36.101392 -48.916800
>
140.815715 35.345640 -21.905167
141.025513 35.342033 -22.015979
140.912104 35.477593 -24.882335
140.815715 35.345640 -21.905167
>
140.630660 35.259822 -20.356443
140.815715 35.345640 -21.905167
140.678906 35.418669 -24.963149
140.630660 35.259822 -20.356443
>
139.706265 35.723645 -30.290443
139.812041 35.852839 -36.984281
139.674420 35.878683 -37.988119
139.706265 35.723645 -30.290443
>
140.418672 36.297495 -48.749807
140.248533 36.296168 -50.561977
140.308390 36.187615 -44.970781
140.418672 36.297495 -48.749807
>
139.578897 35.791070 -32.307253
139.706265 35.723645 -30.290443
139.674420 35.878683 -37.988119
139.578897 35.791070 -32.307253
>
140.104491 35.531731 -30.964100
140.007921 35.446099 -24.883458
140.172296 35.417295 -27.683817
140.104491 35.531731 -30.964100
>
139.489888 35.577684 -20.728715
139.342086 35.509513 -16.337694
139.441618 35.430406 -14.255593
139.489888 35.577684 -20.728715
>
140.043382 36.343685 -60.280149
140.025207 36.204519 -51.424090
140.131133 36.283192 -53.749324
140.043382 36.343685 -60.280149
>
139.578951 35.113807 -7.919523
139.472248 35.009077 -3.891612
139.597690 34.954950 -5.248881
139.578951 35.113807 -7.919523
>
139.469381 35.274029 -9.402198
139.551809 35.389921 -14.582495
139.441618 35.430406 -14.255593
139.469381 35.274029 -9.402198
>
140.582319 34.784367 -7.934010
140.569608 34.597715 -3.641457
140.699603 34.708845 -7.590325
140.582319 34.784367 -7.934010
>
139.727198 35.004293 -8.823189
139.851726 34.915393 -7.861977
139.832929 35.060520 -11.109176
139.727198 35.004293 -8.823189
>
141.238956 34.415581 -5.235477
141.407766 34.364671 -7.235356
141.381882 34.512274 -9.519987
141.238956 34.415581 -5.235477
>
140.346749 35.382049 -27.890745
140.198012 35.263918 -19.981758
140.342001 35.232876 -19.886194
140.346749 35.382049 -27.890745
>
139.893831 35.192794 -14.121615
139.751136 35.293027 -14.895433
139.732866 35.155522 -11.597696
139.893831 35.192794 -14.121615
>
140.753546 35.951074 -35.113304
140.623852 35.886073 -33.865050
140.768385 35.807791 -30.239187
140.753546 35.951074 -35.113304
>
140.034648 35.774653 -35.591818
140.138605 35.665949 -34.066125
140.160139 35.839384 -37.053778
140.034648 35.774653 -35.591818
>
140.774085 35.523787 -26.609191
140.635544 35.533859 -28.726729
140.678906 35.418669 -24.963149
140.774085 35.523787 -26.609191
>
140.641921 36.066548 -39.428541
140.530297 36.182021 -43.908918
140.481081 36.035433 -38.521925
140.641921 36.066548 -39.428541
>
139.876258 35.688761 -31.693495
139.706265 35.723645 -30.290443
139.772302 35.590657 -25.726405
139.876258 35.688761 -31.693495
>
140.623852 35.886073 -33.865050
140.451594 35.873004 -35.685048
140.538351 35.758576 -32.906712
140.623852 35.886073 -33.865050
>
140.198012 35.263918 -19.981758
140.243492 35.100558 -14.053573
140.342001 35.232876 -19.886194
140.198012 35.263918 -19.981758
>
139.655164 36.122519 -52.720520
139.612050 35.992953 -45.318994
139.732011 35.981806 -43.417091
139.655164 36.122519 -52.720520
>
140.198012 35.263918 -19.981758
140.346749 35.382049 -27.890745
140.172296 35.417295 -27.683817
140.198012 35.263918 -19.981758
>
140.623852 35.886073 -33.865050
140.677545 35.684251 -30.165878
140.768385 35.807791 -30.239187
140.623852 35.886073 -33.865050
>
139.949812 36.056383 -44.860518
139.944209 35.904078 -38.911081
140.070495 35.954347 -40.052183
139.949812 36.056383 -44.860518
>
140.174054 36.182403 -47.523869
140.025207 36.204519 -51.424090
140.089617 36.072702 -44.208276
140.174054 36.182403 -47.523869
>
140.199541 35.962423 -39.602429
140.347403 35.969903 -38.752202
140.237711 36.080351 -42.743837
140.199541 35.962423 -39.602429
>
139.362086 35.806732 -31.683926
139.352086 35.658122 -23.448450
139.476168 35.706383 -26.755707
139.362086 35.806732 -31.683926
>
140.418672 36.297495 -48.749807
140.308390 36.187615 -44.970781
140.417364 36.177302 -43.479098
140.418672 36.297495 -48.749807
>
140.774085 35.523787 -26.609191
140.815715 35.345640 -21.905167
140.912104 35.477593 -24.882335
140.774085 35.523787 -26.609191
>
139.812041 35.852839 -36.984281
139.944209 35.904078 -38.911081
139.845726 35.979299 -42.262831
139.812041 35.852839 -36.984281
>
139.489888 35.577684 -20.728715
139.441618 35.430406 -14.255593
139.578659 35.500764 -18.760424
139.489888 35.577684 -20.728715
>
139.352086 35.658122 -23.448450
139.489888 35.577684 -20.728715
139.476168 35.706383 -26.755707
139.352086 35.658122 -23.448450
>
141.025513 35.342033 -22.015979
140.815715 35.345640 -21.905167
140.903636 35.227291 -19.355399
141.025513 35.342033 -22.015979
>
140.481081 36.035433 -38.521925
140.530297 36.182021 -43.908918
140.417364 36.177302 -43.479098
140.481081 36.035433 -38.521925
>
140.025207 36.204519 -51.424090
140.174054 36.182403 -47.523869
140.131133 36.283192 -53.749324
140.025207 36.204519 -51.424090
>
140.356273 36.088141 -41.583091
140.481081 36.035433 -38.521925
140.417364 36.177302 -43.479098
140.356273 36.088141 -41.583091
>
139.944209 35.904078 -38.911081
139.949812 36.056383 -44.860518
139.845726 35.979299 -42.262831
139.944209 35.904078 -38.911081
>
140.025207 36.204519 -51.424090
139.949812 36.056383 -44.860518
140.089617 36.072702 -44.208276
140.025207 36.204519 -51.424090
>
139.949812 36.056383 -44.860518
140.025207 36.204519 -51.424090
139.883863 36.190879 -52.758723
139.949812 36.056383 -44.860518
>
139.751136 35.293027 -14.895433
139.893831 35.192794 -14.121615
139.882562 35.352081 -18.213102
139.751136 35.293027 -14.895433
>
140.569608 34.597715 -3.641457
140.735472 34.557558 -4.887959
140.699603 34.708845 -7.590325
140.569608 34.597715 -3.641457
>
140.451594 35.873004 -35.685048
140.418807 35.735740 -34.131115
140.538351 35.758576 -32.906712
140.451594 35.873004 -35.685048
>
140.248533 36.296168 -50.561977
140.167517 36.389875 -59.766417
140.131133 36.283192 -53.749324
140.248533 36.296168 -50.561977
>
140.346749 35.382049 -27.890745
140.262597 35.546375 -32.888624
140.172296 35.417295 -27.683817
140.346749 35.382049 -27.890745
>
139.893831 35.192794 -14.121615
140.037545 35.304042 -19.020918
139.882562 35.352081 -18.213102
139.893831 35.192794 -14.121615
>
140.582319 34.784367 -7.934010
140.453598 34.894854 -9.405643
140.441077 34.774452 -6.111656
140.582319 34.784367 -7.934010
>
140.199541 35.962423 -39.602429
140.299203 35.852441 -36.741965
140.347403 35.969903 -38.752202
140.199541 35.962423 -39.602429
>
141.221047 35.339225 -22.193953
141.229157 35.171862 -19.404821
141.338678 35.244281 -20.725914
141.221047 35.339225 -22.193953
>
140.582319 34.784367 -7.934010
140.724709 34.870572 -11.151321
140.581000 34.921849 -11.196610
140.582319 34.784367 -7.934010
>
140.453598 34.894854 -9.405643
140.582319 34.784367 -7.934010
140.581000 34.921849 -11.196610
140.453598 34.894854 -9.405643
>
140.089617 36.072702 -44.208276
139.949812 36.056383 -44.860518
140.070495 35.954347 -40.052183
140.089617 36.072702 -44.208276
>
140.897674 35.109974 -16.973589
141.041842 35.139133 -18.159788
140.903636 35.227291 -19.355399
140.897674 35.109974 -16.973589
>
139.500798 35.920115 -40.330589
139.612050 35.992953 -45.318994
139.497858 36.061640 -51.501948
139.500798 35.920115 -40.330589
>
141.041842 35.139133 -18.159788
141.229157 35.171862 -19.404821
141.126611 35.244751 -20.377583
141.041842 35.139133 -18.159788
>
141.061477 35.754769 -30.222957
140.907511 35.852921 -32.253994
140.879469 35.664635 -28.390239
141.061477 35.754769 -30.222957
>
139.706265 35.723645 -30.290443
139.649745 35.586459 -23.283153
139.772302 35.590657 -25.726405
139.706265 35.723645 -30.290443
>
141.041842 35.139133 -18.159788
141.025513 35.342033 -22.015979
140.903636 35.227291 -19.355399
141.041842 35.139133 -18.159788
>
141.372004 35.124518 -18.974892
141.229157 35.171862 -19.404821
141.213698 35.025156 -16.932649
141.372004 35.124518 -18.974892
>
140.174054 36.182403 -47.523869
140.248533 36.296168 -50.561977
140.131133 36.283192 -53.749324
140.174054 36.182403 -47.523869
>
141.361954 34.960963 -16.532477
141.372004 35.124518 -18.974892
141.213698 35.025156 -16.932649
141.361954 34.960963 -16.532477
>
139.489888 35.577684 -20.728715
139.649745 35.586459 -23.283153
139.580193 35.677048 -26.410515
139.489888 35.577684 -20.728715
>
141.543868 34.731604 -14.119862
141.648469 34.886790 -16.204010
141.497887 34.882886 -15.903738
141.543868 34.731604 -14.119862
>
139.516041 34.855963 -2.111209
139.694081 34.791926 -3.811378
139.597690 34.954950 -5.248881
139.516041 34.855963 -2.111209
>
140.879469 35.664635 -28.390239
140.907511 35.852921 -32.253994
140.768385 35.807791 -30.239187
140.879469 35.664635 -28.390239
>
140.453598 34.894854 -9.405643
140.307657 34.808557 -5.701540
140.441077 34.774452 -6.111656
140.453598 34.894854 -9.405643
>
140.724709 34.870572 -11.151321
140.636133 35.055670 -14.843821
140.581000 34.921849 -11.196610
140.724709 34.870572 -11.151321
>
139.694081 34.791926 -3.811378
139.872122 34.727889 -3.526510
139.851726 34.915393 -7.861977
139.694081 34.791926 -3.811378
>
141.309746 35.506500 -24.924997
141.215442 35.656616 -27.879716
141.160913 35.475503 -24.621710
141.309746 35.506500 -24.924997
>
140.630660 35.259822 -20.356443
140.636133 35.055670 -14.843821
140.780552 35.169034 -17.753982
140.630660 35.259822 -20.356443
>
139.706265 35.723645 -30.290443
139.578897 35.791070 -32.307253
139.580193 35.677048 -26.410515
139.706265 35.723645 -30.290443
>
141.648469 34.886790 -16.204010
141.573411 35.046528 -17.995735
141.497887 34.882886 -15.903738
141.648469 34.886790 -16.204010
>
140.307657 34.808557 -5.701540
140.453598 34.894854 -9.405643
140.352251 34.980136 -11.021682
140.307657 34.808557 -5.701540
>
140.262597 35.546375 -32.888624
140.346749 35.382049 -27.890745
140.411560 35.509095 -31.741904
140.262597 35.546375 -32.888624
>
140.636133 35.055670 -14.843821
140.453633 35.130060 -16.502447
140.495097 34.996464 -12.553175
140.636133 35.055670 -14.843821
>
140.907511 35.852921 -32.253994
140.753546 35.951074 -35.113304
140.768385 35.807791 -30.239187
140.907511 35.852921 -32.253994
>
139.649745 35.586459 -23.283153
139.489888 35.577684 -20.728715
139.578659 35.500764 -18.760424
139.649745 35.586459 -23.283153
>
140.481081 36.035433 -38.521925
140.356273 36.088141 -41.583091
140.347403 35.969903 -38.752202
140.481081 36.035433 -38.521925
>
140.636133 35.055670 -14.843821
140.724709 34.870572 -11.151321
140.811347 35.016032 -14.701457
140.636133 35.055670 -14.843821
>
139.551809 35.389921 -14.582495
139.469381 35.274029 -9.402198
139.616485 35.269499 -12.224775
139.551809 35.389921 -14.582495
>
139.649745 35.586459 -23.283153
139.706265 35.723645 -30.290443
139.580193 35.677048 -26.410515
139.649745 35.586459 -23.283153
>
141.221047 35.339225 -22.193953
141.309746 35.506500 -24.924997
141.160913 35.475503 -24.621710
141.221047 35.339225 -22.193953
>
140.346749 35.382049 -27.890745
140.342001 35.232876 -19.886194
140.475800 35.284893 -22.556052
140.346749 35.382049 -27.890745
>
141.221047 35.339225 -22.193953
141.025513 35.342033 -22.015979
141.126611 35.244751 -20.377583
141.221047 35.339225 -22.193953
>
141.229157 35.171862 -19.404821
141.221047 35.339225 -22.193953
141.126611 35.244751 -20.377583
141.229157 35.171862 -19.404821
>
140.262597 35.546375 -32.888624
140.104491 35.531731 -30.964100
140.172296 35.417295 -27.683817
140.262597 35.546375 -32.888624
>
141.520578 34.576648 -11.928961
141.543868 34.731604 -14.119862
141.404631 34.647813 -11.986681
141.520578 34.576648 -11.928961
>
141.498353 35.206267 -20.086402
141.404049 35.356383 -22.357488
141.338678 35.244281 -20.725914
141.498353 35.206267 -20.086402
>
141.381882 34.512274 -9.519987
141.407766 34.364671 -7.235356
141.505128 34.445355 -10.019317
141.381882 34.512274 -9.519987
>
140.347403 35.969903 -38.752202
140.356273 36.088141 -41.583091
140.237711 36.080351 -42.743837
140.347403 35.969903 -38.752202
>
139.441618 35.430406 -14.255593
139.551809 35.389921 -14.582495
139.578659 35.500764 -18.760424
139.441618 35.430406 -14.255593
>
140.451594 35.873004 -35.685048
140.481081 36.035433 -38.521925
140.347403 35.969903 -38.752202
140.451594 35.873004 -35.685048
>
139.336029 35.066968 -1.466094
139.472248 35.009077 -3.891612
139.438120 35.135500 -4.984718
139.336029 35.066968 -1.466094
>
141.543868 34.731604 -14.119862
141.361732 34.788543 -13.903300
141.404631 34.647813 -11.986681
141.543868 34.731604 -14.119862
>
139.959024 35.034600 -10.762582
140.024999 34.873132 -6.217589
140.092008 35.016485 -10.484559
139.959024 35.034600 -10.762582
>
139.872122 34.727889 -3.526510
140.024999 34.873132 -6.217589
139.851726 34.915393 -7.861977
139.872122 34.727889 -3.526510
>
139.364973 35.985717 -45.142065
139.500798 35.920115 -40.330589
139.497858 36.061640 -51.501948
139.364973 35.985717 -45.142065
>
139.469381 35.274029 -9.402198
139.578951 35.113807 -7.919523
139.616485 35.269499 -12.224775
139.469381 35.274029 -9.402198
>
140.174054 36.182403 -47.523869
140.089617 36.072702 -44.208276
140.237711 36.080351 -42.743837
140.174054 36.182403 -47.523869
>
141.520578 34.576648 -11.928961
141.381882 34.512274 -9.519987
141.505128 34.445355 -10.019317
141.520578 34.576648 -11.928961
>
139.944209 35.904078 -38.911081
139.812041 35.852839 -36.984281
139.916915 35.801057 -35.635940
139.944209 35.904078 -38.911081
>
140.034648 35.774653 -35.591818
139.944209 35.904078 -38.911081
139.916915 35.801057 -35.635940
140.034648 35.774653 -35.591818
>
140.024999 34.873132 -6.217589
140.195885 34.928362 -8.278043
140.092008 35.016485 -10.484559
140.024999 34.873132 -6.217589
>
140.276633 35.710289 -34.835779
140.262597 35.546375 -32.888624
140.377582 35.622821 -33.387987
140.276633 35.710289 -34.835779
>
140.677545 35.684251 -30.165878
140.623852 35.886073 -33.865050
140.538351 35.758576 -32.906712
140.677545 35.684251 -30.165878
>
141.407766 34.364671 -7.235356
141.566177 34.314014 -8.006986
141.505128 34.445355 -10.019317
141.407766 34.364671 -7.235356
>
139.578951 35.113807 -7.919523
139.732866 35.155522 -11.597696
139.616485 35.269499 -12.224775
139.578951 35.113807 -7.919523
>
141.186954 34.850957 -13.880992
141.080246 34.968261 -15.296796
141.010852 34.857317 -12.926525
141.186954 34.850957 -13.880992
>
139.334057 35.213935 -3.876046
139.336029 35.066968 -1.466094
139.438120 35.135500 -4.984718
139.334057 35.213935 -3.876046
>
139.893831 35.192794 -14.121615
139.732866 35.155522 -11.597696
139.832929 35.060520 -11.109176
139.893831 35.192794 -14.121615
>
140.299203 35.852441 -36.741965
140.199541 35.962423 -39.602429
140.160139 35.839384 -37.053778
140.299203 35.852441 -36.741965
>
141.064337 34.730586 -11.011083
141.186954 34.850957 -13.880992
141.010852 34.857317 -12.926525
141.064337 34.730586 -11.011083
>
139.732866 35.155522 -11.597696
139.751136 35.293027 -14.895433
139.616485 35.269499 -12.224775
139.732866 35.155522 -11.597696
>
139.342086 35.509513 -16.337694
139.332086 35.360903 -9.456134
139.441618 35.430406 -14.255593
139.342086 35.509513 -16.337694
>
139.469381 35.274029 -9.402198
139.334057 35.213935 -3.876046
139.438120 35.135500 -4.984718
139.469381 35.274029 -9.402198
>
139.551809 35.389921 -14.582495
139.701845 35.437897 -18.346416
139.578659 35.500764 -18.760424
139.551809 35.389921 -14.582495
>
139.701845 35.437897 -18.346416
139.649745 35.586459 -23.283153
139.578659 35.500764 -18.760424
139.701845 35.437897 -18.346416
>
140.307657 34.808557 -5.701540
140.195885 34.928362 -8.278043
140.154902 34.791307 -3.905757
140.307657 34.808557 -5.701540
>
139.812041 35.852839 -36.984281
139.845726 35.979299 -42.262831
139.732011 35.981806 -43.417091
139.812041 35.852839 -36.984281
>
141.566177 34.314014 -8.006986
141.648491 34.455334 -10.907122
141.505128 34.445355 -10.019317
141.566177 34.314014 -8.006986
>
140.878022 34.892565 -12.693479
141.010852 34.857317 -12.926525
140.950994 34.998379 -15.117699
140.878022 34.892565 -12.693479
>
139.472248 35.009077 -3.891612
139.578951 35.113807 -7.919523
139.438120 35.135500 -4.984718
139.472248 35.009077 -3.891612
>
141.041842 35.139133 -18.159788
140.897674 35.109974 -16.973589
140.950994 34.998379 -15.117699
141.041842 35.139133 -18.159788
>
141.080246 34.968261 -15.296796
141.041842 35.139133 -18.159788
140.950994 34.998379 -15.117699
141.080246 34.968261 -15.296796
>
141.010852 34.857317 -12.926525
141.080246 34.968261 -15.296796
140.950994 34.998379 -15.117699
141.010852 34.857317 -12.926525
>
139.674420 35.878683 -37.988119
139.812041 35.852839 -36.984281
139.732011 35.981806 -43.417091
139.674420 35.878683 -37.988119
>
140.901336 34.517400 -5.520389
141.070146 34.466490 -5.466385
141.023383 34.603875 -8.421321
140.901336 34.517400 -5.520389
>
140.167517 36.389875 -59.766417
140.043382 36.343685 -60.280149
140.131133 36.283192 -53.749324
140.167517 36.389875 -59.766417
>
139.870850 35.501746 -24.066458
140.007921 35.446099 -24.883458
140.005230 35.600059 -30.984091
139.870850 35.501746 -24.066458
>
139.870850 35.501746 -24.066458
139.882562 35.352081 -18.213102
140.007921 35.446099 -24.883458
139.870850 35.501746 -24.066458
>
140.089617 36.072702 -44.208276
140.199541 35.962423 -39.602429
140.237711 36.080351 -42.743837
140.089617 36.072702 -44.208276
>
140.226537 34.667878 -1.644800
140.307657 34.808557 -5.701540
140.154902 34.791307 -3.905757
140.226537 34.667878 -1.644800
>
139.882562 35.352081 -18.213102
140.037545 35.304042 -19.020918
140.007921 35.446099 -24.883458
139.882562 35.352081 -18.213102
>
141.776685 34.555601 -12.922625
141.723527 34.727051 -14.604049
141.650251 34.611497 -13.130867
141.776685 34.555601 -12.922625
>
140.635544 35.533859 -28.726729
140.528300 35.428872 -27.965722
140.678906 35.418669 -24.963149
140.635544 35.533859 -28.726729
>
140.007921 35.446099 -24.883458
140.104491 35.531731 -30.964100
140.005230 35.600059 -30.984091
140.007921 35.446099 -24.883458
>
140.248533 36.296168 -50.561977
140.174054 36.182403 -47.523869
140.308390 36.187615 -44.970781
140.248533 36.296168 -50.561977
>
141.520578 34.576648 -11.928961
141.648491 34.455334 -10.907122
141.650251 34.611497 -13.130867
141.520578 34.576648 -11.928961
>
140.049329 34.697884 -1.712918
140.226537 34.667878 -1.644800
140.154902 34.791307 -3.905757
140.049329 34.697884 -1.712918
>
139.578951 35.113807 -7.919523
139.469381 35.274029 -9.402198
139.438120 35.135500 -4.984718
139.578951 35.113807 -7.919523
>
140.418807 35.735740 -34.131115
140.518883 35.613715 -31.746384
140.538351 35.758576 -32.906712
140.418807 35.735740 -34.131115
>
140.299203 35.852441 -36.741965
140.451594 35.873004 -35.685048
140.347403 35.969903 -38.752202
140.299203 35.852441 -36.741965
>
139.362086 35.806732 -31.683926
139.476168 35.706383 -26.755707
139.479487 35.806075 -32.413590
139.362086 35.806732 -31.683926
>
141.025513 35.342033 -22.015979
141.041842 35.139133 -18.159788
141.126611 35.244751 -20.377583
141.025513 35.342033 -22.015979
>
140.530297 36.182021 -43.908918
140.418672 36.297495 -48.749807
140.417364 36.177302 -43.479098
140.530297 36.182021 -43.908918
>
141.372004 35.124518 -18.974892
141.498353 35.206267 -20.086402
141.338678 35.244281 -20.725914
141.372004 35.124518 -18.974892
>
139.845726 35.979299 -42.262831
139.790558 36.101392 -48.916800
139.732011 35.981806 -43.417091
139.845726 35.979299 -42.262831
>
139.476168 35.706383 -26.755707
139.489888 35.577684 -20.728715
139.580193 35.677048 -26.410515
139.476168 35.706383 -26.755707
>
140.342001 35.232876 -19.886194
140.453633 35.130060 -16.502447
140.475800 35.284893 -22.556052
140.342001 35.232876 -19.886194
>
141.648491 34.455334 -10.907122
141.776685 34.555601 -12.922625
141.650251 34.611497 -13.130867
141.648491 34.455334 -10.907122
>
140.070652 35.152066 -14.421640
139.959024 35.034600 -10.762582
140.092008 35.016485 -10.484559
140.070652 35.152066 -14.421640
>
141.648491 34.455334 -10.907122
141.520578 34.576648 -11.928961
141.505128 34.445355 -10.019317
141.648491 34.455334 -10.907122
>
139.959024 35.034600 -10.762582
139.893831 35.192794 -14.121615
139.832929 35.060520 -11.109176
139.959024 35.034600 -10.762582
>
141.381882 34.512274 -9.519987
141.520578 34.576648 -11.928961
141.404631 34.647813 -11.986681
141.381882 34.512274 -9.519987
>
140.160139 35.839384 -37.053778
140.199541 35.962423 -39.602429
140.070495 35.954347 -40.052183
140.160139 35.839384 -37.053778
>
139.578897 35.791070 -32.307253
139.500798 35.920115 -40.330589
139.479487 35.806075 -32.413590
139.578897 35.791070 -32.307253
>
140.897674 35.109974 -16.973589
140.903636 35.227291 -19.355399
140.780552 35.169034 -17.753982
140.897674 35.109974 -16.973589
>
140.518883 35.613715 -31.746384
140.418807 35.735740 -34.131115
140.377582 35.622821 -33.387987
140.518883 35.613715 -31.746384
>
140.199541 35.962423 -39.602429
140.089617 36.072702 -44.208276
140.070495 35.954347 -40.052183
140.199541 35.962423 -39.602429
>
140.262597 35.546375 -32.888624
140.411560 35.509095 -31.741904
140.377582 35.622821 -33.387987
140.262597 35.546375 -32.888624
>
140.411560 35.509095 -31.741904
140.518883 35.613715 -31.746384
140.377582 35.622821 -33.387987
140.411560 35.509095 -31.741904
>
140.418807 35.735740 -34.131115
140.276633 35.710289 -34.835779
140.377582 35.622821 -33.387987
140.418807 35.735740 -34.131115
>
139.612050 35.992953 -45.318994
139.674420 35.878683 -37.988119
139.732011 35.981806 -43.417091
139.612050 35.992953 -45.318994
>
140.636133 35.055670 -14.843821
140.811347 35.016032 -14.701457
140.780552 35.169034 -17.753982
140.636133 35.055670 -14.843821
>
139.578897 35.791070 -32.307253
139.476168 35.706383 -26.755707
139.580193 35.677048 -26.410515
139.578897 35.791070 -32.307253
>
139.732866 35.155522 -11.597696
139.727198 35.004293 -8.823189
139.832929 35.060520 -11.109176
139.732866 35.155522 -11.597696
>
139.472248 35.009077 -3.891612
139.516041 34.855963 -2.111209
139.597690 34.954950 -5.248881
139.472248 35.009077 -3.891612
>
139.476168 35.706383 -26.755707
139.578897 35.791070 -32.307253
139.479487 35.806075 -32.413590
139.476168 35.706383 -26.755707
>
141.229157 35.171862 -19.404821
141.372004 35.124518 -18.974892
141.338678 35.244281 -20.725914
141.229157 35.171862 -19.404821
>
140.308390 36.187615 -44.970781
140.356273 36.088141 -41.583091
140.417364 36.177302 -43.479098
140.308390 36.187615 -44.970781
>
140.581000 34.921849 -11.196610
140.636133 35.055670 -14.843821
140.495097 34.996464 -12.553175
140.581000 34.921849 -11.196610
>
140.174054 36.182403 -47.523869
140.237711 36.080351 -42.743837
140.308390 36.187615 -44.970781
140.174054 36.182403 -47.523869
>
140.453598 34.894854 -9.405643
140.581000 34.921849 -11.196610
140.495097 34.996464 -12.553175
140.453598 34.894854 -9.405643
>
140.237711 36.080351 -42.743837
140.356273 36.088141 -41.583091
140.308390 36.187615 -44.970781
140.237711 36.080351 -42.743837
>
140.811347 35.016032 -14.701457
140.897674 35.109974 -16.973589
140.780552 35.169034 -17.753982
140.811347 35.016032 -14.701457
