139.356549 36.168013 60.754310 139.315751 34.918730 0.924413
139.577130 36.240833 61.865939 139.495221 34.857644 1.918779
139.797711 36.305085 61.698459 139.674691 34.796558 3.584628
140.015499 36.347920 61.378841 139.854161 34.735471 3.721026
140.199782 36.412173 60.412530 140.037355 34.702938 1.943008
140.372896 36.420740 58.581042 140.220549 34.670406 1.654833
140.529257 36.189431 44.303898 140.403744 34.637873 2.610792
140.691203 36.043791 38.674516 140.569608 34.597715 3.641449
140.855940 35.893868 33.269718 140.735472 34.557558 4.887965
141.029054 35.782497 30.842350 140.901336 34.517400 5.520389
141.188208 35.683976 28.503853 141.070146 34.466490 5.466375
141.330608 35.482651 24.482916 141.238956 34.415581 5.235486
141.464632 35.259909 20.865650 141.407766 34.364671 7.235356
141.612616 34.972913 17.130885 141.564138 34.311217 7.937111
141.752225 34.664501 14.023003 141.720510 34.257762 7.242100
141.889040 34.270418 10.214271 141.876882 34.204307 8.303282
