142.670102 42.831351 83.993993 144.461120 40.773660 8.429378
142.450837 42.637505 80.984711 144.430621 40.575475 7.938373
142.201840 42.489270 81.140636 144.400122 40.377291 7.375996
141.956560 42.352438 81.768845 144.369623 40.179106 7.268406
141.718712 42.169994 80.881052 144.336199 39.987578 7.084051
141.488297 42.027461 82.074322 144.302774 39.796051 7.303233
141.439984 41.713886 79.210003 144.269350 39.604524 7.010687
141.373090 41.406013 80.691830 144.226435 39.396747 7.116782
141.365657 41.063932 80.398046 144.183520 39.188971 7.583515
141.335926 40.721851 80.682150 144.140604 38.981194 8.147614
141.309912 40.465290 80.467985 144.098102 38.805916 8.250554
141.276464 40.208729 81.844595 144.055600 38.630638 8.220539
141.254166 39.940765 80.970748 144.013098 38.455360 8.526474
141.224435 39.701308 80.879050 143.949963 38.271813 8.822958
141.183555 39.439046 80.737477 143.886829 38.088266 9.308857
141.135242 39.199589 80.781900 143.823694 37.904719 9.588384
141.086274 38.907208 80.540113 143.752380 37.686590 9.429206
141.012690 38.612448 80.540367 143.681065 37.468461 9.079045
140.930930 38.355317 80.804249 143.609750 37.250333 8.415852
140.861434 38.154629 80.770951 143.487948 37.089397 8.573779
140.791938 37.966484 80.751065 143.366145 36.928462 8.726052
140.714265 37.784611 80.993819 143.244342 36.767526 8.761647
140.640681 37.634096 81.369094 143.129214 36.631861 8.648697
140.567097 37.489851 81.606189 143.014086 36.496196 8.679758
140.485337 37.345607 81.954199 142.898959 36.360530 8.785344
140.374961 37.126105 80.981721 142.779115 36.215858 8.600333
140.223705 36.919146 81.336873 142.659271 36.071185 7.580969
140.084713 36.705915 81.077808 142.539427 35.926512 6.294521
139.970248 36.480142 79.977069 142.458726 35.716061 5.560942
139.843520 36.254368 81.141775 142.378024 35.505611 6.436014
139.810816 36.009780 79.649135 142.297323 35.295160 6.643209
139.798552 35.777735 79.980114 142.226761 35.099643 7.188281
139.790376 35.545690 79.582433 142.156199 34.904125 7.710314
139.774024 35.319916 80.520293 142.085637 34.708608 8.761889
139.794464 35.119229 80.038412 142.018091 34.543305 9.712633
139.827168 34.937355 79.737288 141.950546 34.378003 10.138213
139.868048 34.724125 80.939865 141.883000 34.212700 11.003277
