139.839488 34.779559 81.576254 141.935546 34.273433 9.974247
139.905325 34.467368 82.205049 141.942973 34.049985 9.112589
140.013060 34.118448 81.294661 141.950401 33.826536 8.987951
140.119635 33.796013 80.429102 141.957828 33.603088 9.724978
140.163555 33.521311 80.596518 141.974205 33.421849 10.485301
140.220990 33.241426 79.788113 141.990581 33.240610 10.727633
140.291939 32.977091 81.109795 142.006957 33.059370 10.345719
140.373024 32.749037 81.666121 142.016117 32.818642 9.008485
140.433837 32.510617 80.361405 142.025278 32.577913 9.943619
140.481136 32.277379 80.728257 142.034438 32.337184 11.784684
140.521678 32.075241 79.655703 142.066292 32.134789 10.968108
140.558842 31.878285 79.440052 142.098146 31.932395 10.155347
140.592627 31.665780 80.499145 142.130000 31.730000 9.748994
140.626412 31.463641 79.642892 142.154313 31.532391 9.831623
140.639926 31.245953 80.379441 142.178626 31.334783 10.101100
140.643305 31.033448 80.345914 142.202939 31.137174 10.128793
140.710875 30.820943 78.747338 142.231464 30.939902 9.871715
140.781824 30.603255 80.604618 142.259989 30.742631 10.570828
140.866287 30.411482 80.684588 142.288514 30.545359 10.896971
