142.552997 42.725650 81.767318 144.453681 40.532332 7.584619
142.874095 42.862723 81.053558 144.558837 40.828089 7.790791
143.245453 42.939826 84.368473 144.775558 40.999524 6.195184
143.650317 42.961244 83.411658 144.990555 41.166581 6.774825
143.918364 43.016929 83.398364 145.180422 41.295086 7.515780
144.178035 43.081182 83.038064 145.373081 41.457859 8.292240
144.432122 43.141151 82.151385 145.551779 41.586365 8.243531
144.683417 43.235388 83.363990 145.750023 41.732004 9.072547
144.929127 43.316775 82.868432 145.942682 41.881927 9.997706
145.184609 43.416467 82.434139 146.124173 42.006149 10.324595
145.434901 43.533330 82.141991 146.339169 42.134654 10.327563
145.679752 43.641845 81.314749 146.537413 42.245560 10.447253
145.930044 43.758708 81.825460 146.746825 42.378349 10.816469
146.207542 43.892266 82.924034 146.964614 42.489720 10.182076
146.495922 44.000781 82.524656 147.204740 42.596808 9.865644
146.784302 44.100949 82.783059 147.425320 42.708179 10.263613
147.061800 44.151034 81.397017 147.643109 42.832401 11.697199
147.344739 44.217812 84.315347 147.877651 42.952339 13.130026
147.595031 44.301286 85.929931 148.098232 43.076561 14.534184
147.818118 44.384759 85.182096 148.329981 43.192216 14.921303
148.019440 44.451538 81.674127 148.556146 43.299304 14.279120
148.193556 44.610138 83.907548 148.801857 43.414958 12.410193
148.394878 44.793780 84.230682 149.025230 43.525983 10.298969
148.579877 44.977421 83.813400 149.248603 43.658772 10.721374
148.759434 45.169410 83.621978 149.480352 43.765859 10.733934
148.944433 45.336357 82.524950 149.695349 43.860097 10.520019
149.162078 45.469915 83.426257 149.915930 43.975751 10.534460
149.368841 45.586778 84.109641 150.114173 44.061422 10.643079
149.564722 45.678599 83.265084 150.337546 44.181360 11.037933
149.738839 45.787114 83.681115 150.560919 44.279881 10.831425
149.940161 45.912325 83.760736 150.789876 44.404102 10.400035
