>
143.290000 36.860000 -9.122666
142.793641 36.942332 -16.058033
142.870000 36.320000 -8.710670
143.290000 36.860000 -9.122666
>
144.896776 41.725688 -17.082748
144.597522 42.218382 -34.527925
144.222279 41.756049 -26.774086
144.896776 41.725688 -17.082748
>
144.222279 41.756049 -26.774086
144.504343 41.327635 -13.583308
144.896776 41.725688 -17.082748
144.222279 41.756049 -26.774086
>
141.771049 36.810758 -31.923384
142.074421 36.475286 -21.581950
142.244859 37.007169 -24.788741
141.771049 36.810758 -31.923384
>
141.756953 39.901000 -56.183084
142.317396 40.059389 -38.099960
141.858701 40.602264 -54.300768
141.756953 39.901000 -56.183084
>
142.493887 38.786740 -31.738129
142.239234 39.388193 -38.899363
141.968668 38.818850 -43.206739
142.493887 38.786740 -31.738129
>
141.802027 41.228218 -60.716534
141.827853 41.742533 -67.571241
141.401566 41.478221 -79.620779
141.802027 41.228218 -60.716534
>
141.858701 40.602264 -54.300768
142.317396 40.059389 -38.099960
142.441882 40.592637 -36.485134
141.858701 40.602264 -54.300768
>
141.802027 41.228218 -60.716534
142.217479 41.442452 -51.345055
141.827853 41.742533 -67.571241
141.802027 41.228218 -60.716534
>
144.222279 41.756049 -26.774086
144.597522 42.218382 -34.527925
144.090454 42.207826 -43.378506
144.222279 41.756049 -26.774086
>
142.340000 35.400000 -6.415367
141.900620 35.232688 -13.674515
142.120000 34.830000 -8.209455
142.340000 35.400000 -6.415367
>
142.493887 38.786740 -31.738129
142.714317 39.192587 -28.752789
142.239234 39.388193 -38.899363
142.493887 38.786740 -31.738129
>
141.635975 39.282001 -58.089878
141.471067 38.760287 -61.317370
141.968668 38.818850 -43.206739
141.635975 39.282001 -58.089878
>
148.729320 43.381928 -13.135999
149.064170 44.086688 -19.894039
148.586503 44.208796 -41.871018
148.729320 43.381928 -13.135999
>
141.401566 41.478221 -79.620779
141.827853 41.742533 -67.571241
141.520932 42.023897 -80.940293
141.401566 41.478221 -79.620779
>
142.074421 36.475286 -21.581950
142.484436 36.636596 -16.911618
142.244859 37.007169 -24.788741
142.074421 36.475286 -21.581950
>
141.635975 39.282001 -58.089878
142.239234 39.388193 -38.899363
141.756953 39.901000 -56.183084
141.635975 39.282001 -58.089878
>
141.672884 34.852148 -18.129461
141.784413 34.563811 -14.841040
142.120000 34.830000 -8.209455
141.672884 34.852148 -18.129461
>
148.586503 44.208796 -41.871018
148.156900 43.826457 -40.842956
148.729320 43.381928 -13.135999
148.586503 44.208796 -41.871018
>
142.239234 39.388193 -38.899363
142.317396 40.059389 -38.099960
141.756953 39.901000 -56.183084
142.239234 39.388193 -38.899363
>
141.771049 36.810758 -31.923384
141.418806 37.122867 -43.931241
141.377967 36.663013 -40.087872
141.771049 36.810758 -31.923384
>
147.421045 44.206599 -81.992666
148.156900 43.826457 -40.842956
148.051982 44.445332 -79.790511
147.421045 44.206599 -81.992666
>
141.418806 37.122867 -43.931241
141.085579 36.864672 -49.685094
141.377967 36.663013 -40.087872
141.418806 37.122867 -43.931241
>
141.968668 38.818850 -43.206739
142.239234 39.388193 -38.899363
141.635975 39.282001 -58.089878
141.968668 38.818850 -43.206739
>
147.421045 44.206599 -81.992666
147.682475 43.481438 -33.014441
148.156900 43.826457 -40.842956
147.421045 44.206599 -81.992666
>
140.740819 35.956067 -44.354060
140.756752 36.251642 -47.877990
140.485896 36.211451 -55.538050
140.740819 35.956067 -44.354060
>
142.244859 37.007169 -24.788741
141.863866 37.195932 -33.959386
141.771049 36.810758 -31.923384
142.244859 37.007169 -24.788741
>
144.140604 38.981194 -8.147614
143.718616 39.425492 -14.199246
143.612964 38.879182 -15.214080
144.140604 38.981194 -8.147614
>
142.237131 42.484310 -80.128234
142.641311 42.476639 -68.074091
142.697540 42.808305 -81.650973
142.237131 42.484310 -80.128234
>
140.756752 36.251642 -47.877990
140.990734 36.122224 -40.145053
140.966793 36.484958 -46.768673
140.756752 36.251642 -47.877990
>
142.217479 41.442452 -51.345055
142.180614 40.950705 -43.981377
142.596277 41.111417 -35.444898
142.217479 41.442452 -51.345055
>
142.748183 39.658929 -28.693677
142.317396 40.059389 -38.099960
142.239234 39.388193 -38.899363
142.748183 39.658929 -28.693677
>
140.966793 36.484958 -46.768673
140.990734 36.122224 -40.145053
141.292662 36.274329 -36.249282
140.966793 36.484958 -46.768673
>
147.449021 42.745782 -10.905736
147.682475 43.481438 -33.014441
147.110654 43.473235 -31.959997
147.449021 42.745782 -10.905736
>
144.834193 42.738355 -45.660961
144.597522 42.218382 -34.527925
145.325967 42.272617 -21.014531
144.834193 42.738355 -45.660961
>
142.127130 36.048343 -14.554876
142.062534 35.660270 -12.091191
142.539427 35.926512 -6.294521
142.127130 36.048343 -14.554876
>
142.793641 36.942332 -16.058033
142.484436 36.636596 -16.911618
142.870000 36.320000 -8.710670
142.793641 36.942332 -16.058033
>
149.387088 43.737738 -10.896874
149.064170 44.086688 -19.894039
148.729320 43.381928 -13.135999
149.387088 43.737738 -10.896874
>
140.966793 36.484958 -46.768673
140.606821 36.483703 -56.342763
140.756752 36.251642 -47.877990
140.966793 36.484958 -46.768673
>
143.169642 41.798641 -35.212208
142.698015 42.135229 -57.134830
142.664786 41.637479 -45.089479
143.169642 41.798641 -35.212208
>
141.802027 41.228218 -60.716534
142.180614 40.950705 -43.981377
142.217479 41.442452 -51.345055
141.802027 41.228218 -60.716534
>
143.612964 38.879182 -15.214080
143.718616 39.425492 -14.199246
143.195502 39.284321 -21.224200
143.612964 38.879182 -15.214080
>
141.756953 39.901000 -56.183084
141.858701 40.602264 -54.300768
141.310387 40.335073 -80.258214
141.756953 39.901000 -56.183084
>
142.664786 41.637479 -45.089479
142.698015 42.135229 -57.134830
142.234307 41.981811 -65.008449
142.664786 41.637479 -45.089479
>
143.235168 38.117655 -18.707635
143.077178 38.706771 -22.311504
142.730286 38.268357 -26.194945
143.235168 38.117655 -18.707635
>
141.141796 39.138881 -79.910457
141.471067 38.760287 -61.317370
141.635975 39.282001 -58.089878
141.141796 39.138881 -79.910457
>
142.698015 42.135229 -57.134830
142.641311 42.476639 -68.074091
142.237131 42.484310 -80.128234
142.698015 42.135229 -57.134830
>
143.169642 41.798641 -35.212208
143.257134 42.234048 -42.720839
142.698015 42.135229 -57.134830
143.169642 41.798641 -35.212208
>
142.419083 36.281347 -13.069144
142.484436 36.636596 -16.911618
142.074421 36.475286 -21.581950
142.419083 36.281347 -13.069144
>
140.676164 37.653675 -80.106710
141.116835 37.933065 -65.958651
140.892923 38.199588 -79.984767
140.676164 37.653675 -80.106710
>
142.982444 40.756063 -25.900849
143.090457 41.289168 -28.523909
142.596277 41.111417 -35.444898
142.982444 40.756063 -25.900849
>
142.120000 34.830000 -8.209455
141.900620 35.232688 -13.674515
141.672884 34.852148 -18.129461
142.120000 34.830000 -8.209455
>
142.234307 41.981811 -65.008449
142.217479 41.442452 -51.345055
142.664786 41.637479 -45.089479
142.234307 41.981811 -65.008449
>
141.238133 39.684794 -80.022873
141.756953 39.901000 -56.183084
141.310387 40.335073 -80.258214
141.238133 39.684794 -80.022873
>
143.090457 41.289168 -28.523909
142.664786 41.637479 -45.089479
142.596277 41.111417 -35.444898
143.090457 41.289168 -28.523909
>
141.202869 35.667730 -31.461261
141.467250 35.734805 -25.916074
141.239366 35.942692 -32.720946
141.202869 35.667730 -31.461261
>
144.250000 39.580000 -7.176882
143.718616 39.425492 -14.199246
144.140604 38.981194 -8.147614
144.250000 39.580000 -7.176882
>
141.238133 39.684794 -80.022873
141.635975 39.282001 -58.089878
141.756953 39.901000 -56.183084
141.238133 39.684794 -80.022873
>
140.928923 37.214423 -59.756268
141.418806 37.122867 -43.931241
141.220891 37.567621 -56.018526
140.928923 37.214423 -59.756268
>
143.072692 42.910620 -82.625560
143.362433 42.617851 -58.847205
143.703630 42.944724 -81.380576
143.072692 42.910620 -82.625560
>
148.729320 43.381928 -13.135999
148.156900 43.826457 -40.842956
148.095585 43.084267 -14.788738
148.729320 43.381928 -13.135999
>
141.467250 35.734805 -25.916074
141.534735 36.032808 -27.379858
141.239366 35.942692 -32.720946
141.467250 35.734805 -25.916074
>
142.664786 41.637479 -45.089479
142.217479 41.442452 -51.345055
142.596277 41.111417 -35.444898
142.664786 41.637479 -45.089479
>
141.521523 35.173438 -22.555527
141.682027 35.513191 -19.652564
141.354230 35.437060 -27.191619
141.521523 35.173438 -22.555527
>
144.834193 42.738355 -45.660961
145.325967 42.272617 -21.014531
145.406964 42.950578 -42.012509
144.834193 42.738355 -45.660961
>
140.928923 37.214423 -59.756268
141.220891 37.567621 -56.018526
140.676164 37.653675 -80.106710
140.928923 37.214423 -59.756268
>
142.730286 38.268357 -26.194945
143.077178 38.706771 -22.311504
142.493887 38.786740 -31.738129
142.730286 38.268357 -26.194945
>
147.110654 43.473235 -31.959997
146.845218 42.954120 -16.981405
147.449021 42.745782 -10.905736
147.110654 43.473235 -31.959997
>
145.569683 41.602876 -8.319575
144.896776 41.725688 -17.082748
144.982390 41.171590 -6.892071
145.569683 41.602876 -8.319575
>
145.325967 42.272617 -21.014531
144.597522 42.218382 -34.527925
144.896776 41.725688 -17.082748
145.325967 42.272617 -21.014531
>
142.698015 42.135229 -57.134830
143.257134 42.234048 -42.720839
142.973723 42.534571 -58.683231
142.698015 42.135229 -57.134830
>
141.810822 42.211473 -80.363666
142.234307 41.981811 -65.008449
142.237131 42.484310 -80.128234
141.810822 42.211473 -80.363666
>
142.234307 41.981811 -65.008449
142.698015 42.135229 -57.134830
142.237131 42.484310 -80.128234
142.234307 41.981811 -65.008449
>
143.195502 39.284321 -21.224200
143.077178 38.706771 -22.311504
143.612964 38.879182 -15.214080
143.195502 39.284321 -21.224200
>
140.411236 37.155930 -80.276047
140.732514 36.825662 -59.298314
140.928923 37.214423 -59.756268
140.411236 37.155930 -80.276047
>
141.220891 37.567621 -56.018526
141.116835 37.933065 -65.958651
140.676164 37.653675 -80.106710
141.220891 37.567621 -56.018526
>
143.169642 41.798641 -35.212208
142.664786 41.637479 -45.089479
143.090457 41.289168 -28.523909
143.169642 41.798641 -35.212208
>
143.687336 42.006536 -36.580458
143.169642 41.798641 -35.212208
143.620124 41.489387 -24.956412
143.687336 42.006536 -36.580458
>
140.411236 37.155930 -80.276047
140.928923 37.214423 -59.756268
140.676164 37.653675 -80.106710
140.411236 37.155930 -80.276047
>
146.115016 42.027286 -10.587697
146.359692 42.769538 -17.997151
145.838272 42.641847 -21.309276
146.115016 42.027286 -10.587697
>
143.509468 40.942021 -18.713109
143.090457 41.289168 -28.523909
142.982444 40.756063 -25.900849
143.509468 40.942021 -18.713109
>
142.539427 35.926512 -6.294521
142.062534 35.660270 -12.091191
142.340000 35.400000 -6.415367
142.539427 35.926512 -6.294521
>
144.041563 41.143905 -14.920094
143.620124 41.489387 -24.956412
143.509468 40.942021 -18.713109
144.041563 41.143905 -14.920094
>
142.340000 35.400000 -6.415367
142.062534 35.660270 -12.091191
141.900620 35.232688 -13.674515
142.340000 35.400000 -6.415367
>
144.360000 40.200000 -7.440769
143.822939 40.000660 -13.323353
144.250000 39.580000 -7.176882
144.360000 40.200000 -7.440769
>
148.938705 45.315003 -81.450549
149.451702 45.038771 -49.778487
149.501433 45.621945 -81.904525
148.938705 45.315003 -81.450549
>
141.310387 40.335073 -80.258214
141.858701 40.602264 -54.300768
141.374612 40.937184 -79.739253
141.310387 40.335073 -80.258214
>
146.779507 42.400754 -10.854238
146.359692 42.769538 -17.997151
146.115016 42.027286 -10.587697
146.779507 42.400754 -10.854238
>
144.041563 41.143905 -14.920094
143.509468 40.942021 -18.713109
143.932042 40.574679 -12.786681
144.041563 41.143905 -14.920094
>
141.292662 36.274329 -36.249282
140.990734 36.122224 -40.145053
141.239366 35.942692 -32.720946
141.292662 36.274329 -36.249282
>
144.461120 40.773660 -8.429378
144.041563 41.143905 -14.920094
143.932042 40.574679 -12.786681
144.461120 40.773660 -8.429378
>
141.037430 38.657192 -79.895877
141.471067 38.760287 -61.317370
141.141796 39.138881 -79.910457
141.037430 38.657192 -79.895877
>
142.434744 37.876338 -28.837160
141.955230 37.927337 -38.345769
142.140173 37.510110 -31.427895
142.434744 37.876338 -28.837160
>
148.095585 43.084267 -14.788738
147.682475 43.481438 -33.014441
147.449021 42.745782 -10.905736
148.095585 43.084267 -14.788738
>
145.528232 43.558609 -80.502704
145.406964 42.950578 -42.012509
145.983719 43.189218 -39.202428
145.528232 43.558609 -80.502704
>
140.928923 37.214423 -59.756268
141.085579 36.864672 -49.685094
141.418806 37.122867 -43.931241
140.928923 37.214423 -59.756268
>
141.471067 38.760287 -61.317370
141.738208 38.350199 -46.855946
141.968668 38.818850 -43.206739
141.471067 38.760287 -61.317370
>
141.141796 39.138881 -79.910457
141.635975 39.282001 -58.089878
141.238133 39.684794 -80.022873
141.141796 39.138881 -79.910457
>
141.202869 35.667730 -31.461261
141.239366 35.942692 -32.720946
140.947945 35.824256 -37.961997
141.202869 35.667730 -31.461261
>
142.870000 36.320000 -8.710670
142.419083 36.281347 -13.069144
142.539427 35.926512 -6.294521
142.870000 36.320000 -8.710670
>
142.982444 40.756063 -25.900849
142.596277 41.111417 -35.444898
142.441882 40.592637 -36.485134
142.982444 40.756063 -25.900849
>
142.140173 37.510110 -31.427895
142.244859 37.007169 -24.788741
142.613756 37.409857 -22.694189
142.140173 37.510110 -31.427895
>
142.434744 37.876338 -28.837160
142.140173 37.510110 -31.427895
142.613756 37.409857 -22.694189
142.434744 37.876338 -28.837160
>
142.233639 38.345680 -34.961745
141.955230 37.927337 -38.345769
142.434744 37.876338 -28.837160
142.233639 38.345680 -34.961745
>
143.810000 37.870000 -9.614522
143.330564 37.666523 -15.162007
143.609750 37.250333 -8.415852
143.810000 37.870000 -9.614522
>
143.620124 41.489387 -24.956412
143.090457 41.289168 -28.523909
143.509468 40.942021 -18.713109
143.620124 41.489387 -24.956412
>
144.931400 43.302824 -81.569554
145.406964 42.950578 -42.012509
145.528232 43.558609 -80.502704
144.931400 43.302824 -81.569554
>
142.748183 39.658929 -28.693677
143.195502 39.284321 -21.224200
143.290304 39.828423 -20.127478
142.748183 39.658929 -28.693677
>
143.290304 39.828423 -20.127478
143.822939 40.000660 -13.323353
143.397159 40.387826 -19.026485
143.290304 39.828423 -20.127478
>
144.461120 40.773660 -8.429378
143.932042 40.574679 -12.786681
144.360000 40.200000 -7.440769
144.461120 40.773660 -8.429378
>
142.613756 37.409857 -22.694189
142.244859 37.007169 -24.788741
142.793641 36.942332 -16.058033
142.613756 37.409857 -22.694189
>
143.169642 41.798641 -35.212208
143.090457 41.289168 -28.523909
143.620124 41.489387 -24.956412
143.169642 41.798641 -35.212208
>
146.738950 44.070180 -81.144368
147.110654 43.473235 -31.959997
147.421045 44.206599 -81.992666
146.738950 44.070180 -81.144368
>
143.235168 38.117655 -18.707635
143.555882 38.417316 -15.226202
143.077178 38.706771 -22.311504
143.235168 38.117655 -18.707635
>
142.239234 39.388193 -38.899363
142.714317 39.192587 -28.752789
142.748183 39.658929 -28.693677
142.239234 39.388193 -38.899363
>
143.090802 37.317667 -15.689306
142.613756 37.409857 -22.694189
142.793641 36.942332 -16.058033
143.090802 37.317667 -15.689306
>
143.090802 37.317667 -15.689306
142.793641 36.942332 -16.058033
143.290000 36.860000 -9.122666
143.090802 37.317667 -15.689306
>
150.115045 44.080193 -10.825979
149.591385 44.442859 -22.223428
149.387088 43.737738 -10.896874
150.115045 44.080193 -10.825979
>
144.140604 38.981194 -8.147614
143.612964 38.879182 -15.214080
143.990000 38.460000 -8.895447
144.140604 38.981194 -8.147614
>
144.222279 41.756049 -26.774086
143.687336 42.006536 -36.580458
143.620124 41.489387 -24.956412
144.222279 41.756049 -26.774086
>
142.859423 40.213313 -27.178529
142.748183 39.658929 -28.693677
143.290304 39.828423 -20.127478
142.859423 40.213313 -27.178529
>
143.810000 37.870000 -9.614522
143.555882 38.417316 -15.226202
143.235168 38.117655 -18.707635
143.810000 37.870000 -9.614522
>
147.110654 43.473235 -31.959997
147.682475 43.481438 -33.014441
147.421045 44.206599 -81.992666
147.110654 43.473235 -31.959997
>
143.609750 37.250333 -8.415852
143.090802 37.317667 -15.689306
143.290000 36.860000 -9.122666
143.609750 37.250333 -8.415852
>
143.509468 40.942021 -18.713109
142.982444 40.756063 -25.900849
143.397159 40.387826 -19.026485
143.509468 40.942021 -18.713109
>
143.397159 40.387826 -19.026485
143.822939 40.000660 -13.323353
143.932042 40.574679 -12.786681
143.397159 40.387826 -19.026485
>
149.501433 45.621945 -81.904525
149.757410 45.306397 -55.932995
149.944794 45.877731 -81.467653
149.501433 45.621945 -81.904525
>
149.944794 45.877731 -81.467653
149.757410 45.306397 -55.932995
150.150569 45.408970 -49.803564
149.944794 45.877731 -81.467653
>
143.932042 40.574679 -12.786681
143.822939 40.000660 -13.323353
144.360000 40.200000 -7.440769
143.932042 40.574679 -12.786681
>
142.730286 38.268357 -26.194945
142.233639 38.345680 -34.961745
142.434744 37.876338 -28.837160
142.730286 38.268357 -26.194945
>
144.896776 41.725688 -17.082748
144.504343 41.327635 -13.583308
144.982390 41.171590 -6.892071
144.896776 41.725688 -17.082748
>
141.683369 37.543652 -41.910389
141.863866 37.195932 -33.959386
142.140173 37.510110 -31.427895
141.683369 37.543652 -41.910389
>
141.374612 40.937184 -79.739253
141.802027 41.228218 -60.716534
141.401566 41.478221 -79.620779
141.374612 40.937184 -79.739253
>
140.892923 38.199588 -79.984767
141.292952 38.306396 -63.732884
141.037430 38.657192 -79.895877
140.892923 38.199588 -79.984767
>
143.509468 40.942021 -18.713109
143.397159 40.387826 -19.026485
143.932042 40.574679 -12.786681
143.509468 40.942021 -18.713109
>
142.982444 40.756063 -25.900849
142.441882 40.592637 -36.485134
142.859423 40.213313 -27.178529
142.982444 40.756063 -25.900849
>
142.859423 40.213313 -27.178529
143.290304 39.828423 -20.127478
143.397159 40.387826 -19.026485
142.859423 40.213313 -27.178529
>
142.907100 37.776959 -21.250472
142.434744 37.876338 -28.837160
142.613756 37.409857 -22.694189
142.907100 37.776959 -21.250472
>
143.990000 38.460000 -8.895447
143.555882 38.417316 -15.226202
143.810000 37.870000 -9.614522
143.990000 38.460000 -8.895447
>
140.732514 36.825662 -59.298314
140.606821 36.483703 -56.342763
140.966793 36.484958 -46.768673
140.732514 36.825662 -59.298314
>
142.493887 38.786740 -31.738129
141.968668 38.818850 -43.206739
142.233639 38.345680 -34.961745
142.493887 38.786740 -31.738129
>
144.041563 41.143905 -14.920094
144.222279 41.756049 -26.774086
143.620124 41.489387 -24.956412
144.041563 41.143905 -14.920094
>
143.195502 39.284321 -21.224200
143.718616 39.425492 -14.199246
143.290304 39.828423 -20.127478
143.195502 39.284321 -21.224200
>
143.090802 37.317667 -15.689306
142.907100 37.776959 -21.250472
142.613756 37.409857 -22.694189
143.090802 37.317667 -15.689306
>
148.495343 44.854589 -81.671229
149.021301 44.657784 -41.227481
148.938705 45.315003 -81.450549
148.495343 44.854589 -81.671229
>
141.900620 35.232688 -13.674515
142.062534 35.660270 -12.091191
141.682027 35.513191 -19.652564
141.900620 35.232688 -13.674515
>
141.771049 36.810758 -31.923384
141.863866 37.195932 -33.959386
141.418806 37.122867 -43.931241
141.771049 36.810758 -31.923384
>
142.870000 36.320000 -8.710670
142.484436 36.636596 -16.911618
142.419083 36.281347 -13.069144
142.870000 36.320000 -8.710670
>
149.591385 44.442859 -22.223428
149.929914 44.943291 -35.113783
149.451702 45.038771 -49.778487
149.591385 44.442859 -22.223428
>
144.334567 43.098196 -80.963168
144.834193 42.738355 -45.660961
144.931400 43.302824 -81.569554
144.334567 43.098196 -80.963168
>
141.354230 35.437060 -27.191619
141.682027 35.513191 -19.652564
141.467250 35.734805 -25.916074
141.354230 35.437060 -27.191619
>
142.907100 37.776959 -21.250472
142.730286 38.268357 -26.194945
142.434744 37.876338 -28.837160
142.907100 37.776959 -21.250472
>
141.672884 34.852148 -18.129461
141.900620 35.232688 -13.674515
141.521523 35.173438 -22.555527
141.672884 34.852148 -18.129461
>
142.982444 40.756063 -25.900849
142.859423 40.213313 -27.178529
143.397159 40.387826 -19.026485
142.982444 40.756063 -25.900849
>
146.115016 42.027286 -10.587697
145.325967 42.272617 -21.014531
145.569683 41.602876 -8.319575
146.115016 42.027286 -10.587697
>
141.292952 38.306396 -63.732884
141.471067 38.760287 -61.317370
141.037430 38.657192 -79.895877
141.292952 38.306396 -63.732884
>
141.955230 37.927337 -38.345769
141.683369 37.543652 -41.910389
142.140173 37.510110 -31.427895
141.955230 37.927337 -38.345769
>
143.822939 40.000660 -13.323353
143.718616 39.425492 -14.199246
144.250000 39.580000 -7.176882
143.822939 40.000660 -13.323353
>
142.730286 38.268357 -26.194945
142.493887 38.786740 -31.738129
142.233639 38.345680 -34.961745
142.730286 38.268357 -26.194945
>
143.290304 39.828423 -20.127478
143.718616 39.425492 -14.199246
143.822939 40.000660 -13.323353
143.290304 39.828423 -20.127478
>
141.374612 40.937184 -79.739253
141.858701 40.602264 -54.300768
141.802027 41.228218 -60.716534
141.374612 40.937184 -79.739253
>
145.528232 43.558609 -80.502704
145.983719 43.189218 -39.202428
146.125065 43.831447 -80.991452
145.528232 43.558609 -80.502704
>
142.859423 40.213313 -27.178529
142.317396 40.059389 -38.099960
142.748183 39.658929 -28.693677
142.859423 40.213313 -27.178529
>
142.441882 40.592637 -36.485134
142.317396 40.059389 -38.099960
142.859423 40.213313 -27.178529
142.441882 40.592637 -36.485134
>
143.077178 38.706771 -22.311504
142.714317 39.192587 -28.752789
142.493887 38.786740 -31.738129
143.077178 38.706771 -22.311504
>
145.569683 41.602876 -8.319575
145.325967 42.272617 -21.014531
144.896776 41.725688 -17.082748
145.569683 41.602876 -8.319575
>
143.729675 42.448404 -52.522679
143.257134 42.234048 -42.720839
143.687336 42.006536 -36.580458
143.729675 42.448404 -52.522679
>
144.834193 42.738355 -45.660961
145.406964 42.950578 -42.012509
144.931400 43.302824 -81.569554
144.834193 42.738355 -45.660961
>
141.810822 42.211473 -80.363666
141.827853 41.742533 -67.571241
142.234307 41.981811 -65.008449
141.810822 42.211473 -80.363666
>
140.286737 36.433882 -66.501327
140.412231 36.694622 -67.669469
140.023846 36.573932 -80.060320
140.286737 36.433882 -66.501327
>
144.222279 41.756049 -26.774086
144.090454 42.207826 -43.378506
143.687336 42.006536 -36.580458
144.222279 41.756049 -26.774086
>
149.591385 44.442859 -22.223428
150.170471 44.555551 -18.070471
149.929914 44.943291 -35.113783
149.591385 44.442859 -22.223428
>
141.534735 36.032808 -27.379858
141.292662 36.274329 -36.249282
141.239366 35.942692 -32.720946
141.534735 36.032808 -27.379858
>
141.418806 37.122867 -43.931241
141.863866 37.195932 -33.959386
141.683369 37.543652 -41.910389
141.418806 37.122867 -43.931241
>
148.051982 44.445332 -79.790511
148.586503 44.208796 -41.871018
148.495343 44.854589 -81.671229
148.051982 44.445332 -79.790511
>
141.968668 38.818850 -43.206739
141.738208 38.350199 -46.855946
142.233639 38.345680 -34.961745
141.968668 38.818850 -43.206739
>
143.077178 38.706771 -22.311504
143.555882 38.417316 -15.226202
143.612964 38.879182 -15.214080
143.077178 38.706771 -22.311504
>
143.195502 39.284321 -21.224200
142.714317 39.192587 -28.752789
143.077178 38.706771 -22.311504
143.195502 39.284321 -21.224200
>
142.233639 38.345680 -34.961745
141.738208 38.350199 -46.855946
141.955230 37.927337 -38.345769
142.233639 38.345680 -34.961745
>
148.051982 44.445332 -79.790511
148.156900 43.826457 -40.842956
148.586503 44.208796 -41.871018
148.051982 44.445332 -79.790511
>
142.907100 37.776959 -21.250472
143.235168 38.117655 -18.707635
142.730286 38.268357 -26.194945
142.907100 37.776959 -21.250472
>
148.156900 43.826457 -40.842956
147.682475 43.481438 -33.014441
148.095585 43.084267 -14.788738
148.156900 43.826457 -40.842956
>
143.235168 38.117655 -18.707635
143.330564 37.666523 -15.162007
143.810000 37.870000 -9.614522
143.235168 38.117655 -18.707635
>
144.982390 41.171590 -6.892071
144.504343 41.327635 -13.583308
144.461120 40.773660 -8.429378
144.982390 41.171590 -6.892071
>
144.461120 40.773660 -8.429378
144.504343 41.327635 -13.583308
144.041563 41.143905 -14.920094
144.461120 40.773660 -8.429378
>
141.418806 37.122867 -43.931241
141.683369 37.543652 -41.910389
141.220891 37.567621 -56.018526
141.418806 37.122867 -43.931241
>
143.362433 42.617851 -58.847205
143.257134 42.234048 -42.720839
143.729675 42.448404 -52.522679
143.362433 42.617851 -58.847205
>
150.749607 44.395449 -10.563892
150.170471 44.555551 -18.070471
150.115045 44.080193 -10.825979
150.749607 44.395449 -10.563892
>
148.938705 45.315003 -81.450549
149.021301 44.657784 -41.227481
149.451702 45.038771 -49.778487
148.938705 45.315003 -81.450549
>
142.697540 42.808305 -81.650973
142.973723 42.534571 -58.683231
143.072692 42.910620 -82.625560
142.697540 42.808305 -81.650973
>
141.786003 35.840884 -19.595860
142.062534 35.660270 -12.091191
142.127130 36.048343 -14.554876
141.786003 35.840884 -19.595860
>
146.125065 43.831447 -80.991452
146.527216 43.381289 -36.874899
146.738950 44.070180 -81.144368
146.125065 43.831447 -80.991452
>
145.406964 42.950578 -42.012509
145.838272 42.641847 -21.309276
145.983719 43.189218 -39.202428
145.406964 42.950578 -42.012509
>
150.150569 45.408970 -49.803564
149.929914 44.943291 -35.113783
150.455961 44.902209 -23.451914
150.150569 45.408970 -49.803564
>
141.292952 38.306396 -63.732884
141.738208 38.350199 -46.855946
141.471067 38.760287 -61.317370
141.292952 38.306396 -63.732884
>
143.609750 37.250333 -8.415852
143.330564 37.666523 -15.162007
143.090802 37.317667 -15.689306
143.609750 37.250333 -8.415852
>
141.827853 41.742533 -67.571241
142.217479 41.442452 -51.345055
142.234307 41.981811 -65.008449
141.827853 41.742533 -67.571241
>
146.738950 44.070180 -81.144368
146.527216 43.381289 -36.874899
147.110654 43.473235 -31.959997
146.738950 44.070180 -81.144368
>
142.140173 37.510110 -31.427895
141.863866 37.195932 -33.959386
142.244859 37.007169 -24.788741
142.140173 37.510110 -31.427895
>
142.441882 40.592637 -36.485134
142.180614 40.950705 -43.981377
141.858701 40.602264 -54.300768
142.441882 40.592637 -36.485134
>
142.419083 36.281347 -13.069144
142.127130 36.048343 -14.554876
142.539427 35.926512 -6.294521
142.419083 36.281347 -13.069144
>
143.687336 42.006536 -36.580458
143.257134 42.234048 -42.720839
143.169642 41.798641 -35.212208
143.687336 42.006536 -36.580458
>
141.646376 36.400277 -29.871928
141.771049 36.810758 -31.923384
141.377967 36.663013 -40.087872
141.646376 36.400277 -29.871928
>
140.732514 36.825662 -59.298314
141.085579 36.864672 -49.685094
140.928923 37.214423 -59.756268
140.732514 36.825662 -59.298314
>
143.703630 42.944724 -81.380576
144.215461 42.609758 -55.850352
144.334567 43.098196 -80.963168
143.703630 42.944724 -81.380576
>
146.115016 42.027286 -10.587697
145.838272 42.641847 -21.309276
145.325967 42.272617 -21.014531
146.115016 42.027286 -10.587697
>
140.411236 37.155930 -80.276047
140.412231 36.694622 -67.669469
140.732514 36.825662 -59.298314
140.411236 37.155930 -80.276047
>
141.738208 38.350199 -46.855946
141.501248 37.938045 -51.477749
141.955230 37.927337 -38.345769
141.738208 38.350199 -46.855946
>
149.451702 45.038771 -49.778487
149.021301 44.657784 -41.227481
149.591385 44.442859 -22.223428
149.451702 45.038771 -49.778487
>
142.973723 42.534571 -58.683231
142.641311 42.476639 -68.074091
142.698015 42.135229 -57.134830
142.973723 42.534571 -58.683231
>
140.947945 35.824256 -37.961997
140.990734 36.122224 -40.145053
140.740819 35.956067 -44.354060
140.947945 35.824256 -37.961997
>
141.520932 42.023897 -80.940293
141.827853 41.742533 -67.571241
141.810822 42.211473 -80.363666
141.520932 42.023897 -80.940293
>
145.983719 43.189218 -39.202428
146.527216 43.381289 -36.874899
146.125065 43.831447 -80.991452
145.983719 43.189218 -39.202428
>
141.467250 35.734805 -25.916074
141.786003 35.840884 -19.595860
141.534735 36.032808 -27.379858
141.467250 35.734805 -25.916074
>
141.900620 35.232688 -13.674515
141.682027 35.513191 -19.652564
141.521523 35.173438 -22.555527
141.900620 35.232688 -13.674515
>
142.748183 39.658929 -28.693677
142.714317 39.192587 -28.752789
143.195502 39.284321 -21.224200
142.748183 39.658929 -28.693677
>
141.354230 35.437060 -27.191619
141.467250 35.734805 -25.916074
141.202869 35.667730 -31.461261
141.354230 35.437060 -27.191619
>
141.646376 36.400277 -29.871928
141.377967 36.663013 -40.087872
141.292662 36.274329 -36.249282
141.646376 36.400277 -29.871928
>
141.239366 35.942692 -32.720946
140.990734 36.122224 -40.145053
140.947945 35.824256 -37.961997
141.239366 35.942692 -32.720946
>
150.455961 44.902209 -23.451914
150.170471 44.555551 -18.070471
150.749607 44.395449 -10.563892
150.455961 44.902209 -23.451914
>
140.740819 35.956067 -44.354060
140.990734 36.122224 -40.145053
140.756752 36.251642 -47.877990
140.740819 35.956067 -44.354060
>
140.485896 36.211451 -55.538050
140.606821 36.483703 -56.342763
140.286737 36.433882 -66.501327
140.485896 36.211451 -55.538050
>
141.467250 35.734805 -25.916074
141.682027 35.513191 -19.652564
141.786003 35.840884 -19.595860
141.467250 35.734805 -25.916074
>
144.334567 43.098196 -80.963168
144.215461 42.609758 -55.850352
144.834193 42.738355 -45.660961
144.334567 43.098196 -80.963168
>
141.292952 38.306396 -63.732884
141.501248 37.938045 -51.477749
141.738208 38.350199 -46.855946
141.292952 38.306396 -63.732884
>
144.041563 41.143905 -14.920094
144.504343 41.327635 -13.583308
144.222279 41.756049 -26.774086
144.041563 41.143905 -14.920094
>
148.586503 44.208796 -41.871018
149.021301 44.657784 -41.227481
148.495343 44.854589 -81.671229
148.586503 44.208796 -41.871018
>
141.534735 36.032808 -27.379858
141.646376 36.400277 -29.871928
141.292662 36.274329 -36.249282
141.534735 36.032808 -27.379858
>
140.756752 36.251642 -47.877990
140.606821 36.483703 -56.342763
140.485896 36.211451 -55.538050
140.756752 36.251642 -47.877990
>
144.215461 42.609758 -55.850352
144.597522 42.218382 -34.527925
144.834193 42.738355 -45.660961
144.215461 42.609758 -55.850352
>
142.907100 37.776959 -21.250472
143.330564 37.666523 -15.162007
143.235168 38.117655 -18.707635
142.907100 37.776959 -21.250472
>
145.325967 42.272617 -21.014531
145.838272 42.641847 -21.309276
145.406964 42.950578 -42.012509
145.325967 42.272617 -21.014531
>
149.451702 45.038771 -49.778487
149.757410 45.306397 -55.932995
149.501433 45.621945 -81.904525
149.451702 45.038771 -49.778487
>
143.090802 37.317667 -15.689306
143.330564 37.666523 -15.162007
142.907100 37.776959 -21.250472
143.090802 37.317667 -15.689306
>
141.377967 36.663013 -40.087872
140.966793 36.484958 -46.768673
141.292662 36.274329 -36.249282
141.377967 36.663013 -40.087872
>
147.449021 42.745782 -10.905736
146.845218 42.954120 -16.981405
146.779507 42.400754 -10.854238
147.449021 42.745782 -10.905736
>
141.683369 37.543652 -41.910389
141.501248 37.938045 -51.477749
141.220891 37.567621 -56.018526
141.683369 37.543652 -41.910389
>
145.983719 43.189218 -39.202428
146.359692 42.769538 -17.997151
146.527216 43.381289 -36.874899
145.983719 43.189218 -39.202428
>
150.115045 44.080193 -10.825979
150.170471 44.555551 -18.070471
149.591385 44.442859 -22.223428
150.115045 44.080193 -10.825979
>
146.527216 43.381289 -36.874899
146.845218 42.954120 -16.981405
147.110654 43.473235 -31.959997
146.527216 43.381289 -36.874899
>
144.090454 42.207826 -43.378506
143.729675 42.448404 -52.522679
143.687336 42.006536 -36.580458
144.090454 42.207826 -43.378506
>
144.090454 42.207826 -43.378506
144.597522 42.218382 -34.527925
144.215461 42.609758 -55.850352
144.090454 42.207826 -43.378506
>
142.596277 41.111417 -35.444898
142.180614 40.950705 -43.981377
142.441882 40.592637 -36.485134
142.596277 41.111417 -35.444898
>
142.973723 42.534571 -58.683231
143.362433 42.617851 -58.847205
143.072692 42.910620 -82.625560
142.973723 42.534571 -58.683231
>
141.646376 36.400277 -29.871928
142.074421 36.475286 -21.581950
141.771049 36.810758 -31.923384
141.646376 36.400277 -29.871928
>
142.419083 36.281347 -13.069144
142.074421 36.475286 -21.581950
142.127130 36.048343 -14.554876
142.419083 36.281347 -13.069144
>
142.244859 37.007169 -24.788741
142.484436 36.636596 -16.911618
142.793641 36.942332 -16.058033
142.244859 37.007169 -24.788741
>
140.966793 36.484958 -46.768673
141.085579 36.864672 -49.685094
140.732514 36.825662 -59.298314
140.966793 36.484958 -46.768673
>
142.074421 36.475286 -21.581950
141.828013 36.142511 -22.175717
142.127130 36.048343 -14.554876
142.074421 36.475286 -21.581950
>
143.612964 38.879182 -15.214080
143.555882 38.417316 -15.226202
143.990000 38.460000 -8.895447
143.612964 38.879182 -15.214080
>
146.527216 43.381289 -36.874899
146.359692 42.769538 -17.997151
146.845218 42.954120 -16.981405
146.527216 43.381289 -36.874899
>
140.606821 36.483703 -56.342763
140.412231 36.694622 -67.669469
140.286737 36.433882 -66.501327
140.606821 36.483703 -56.342763
>
141.858701 40.602264 -54.300768
142.180614 40.950705 -43.981377
141.802027 41.228218 -60.716534
141.858701 40.602264 -54.300768
>
143.729675 42.448404 -52.522679
144.215461 42.609758 -55.850352
143.703630 42.944724 -81.380576
143.729675 42.448404 -52.522679
>
140.892923 38.199588 -79.984767
141.116835 37.933065 -65.958651
141.292952 38.306396 -63.732884
140.892923 38.199588 -79.984767
>
141.501248 37.938045 -51.477749
141.116835 37.933065 -65.958651
141.220891 37.567621 -56.018526
141.501248 37.938045 -51.477749
>
142.697540 42.808305 -81.650973
142.641311 42.476639 -68.074091
142.973723 42.534571 -58.683231
142.697540 42.808305 -81.650973
>
141.646376 36.400277 -29.871928
141.828013 36.142511 -22.175717
142.074421 36.475286 -21.581950
141.646376 36.400277 -29.871928
>
142.973723 42.534571 -58.683231
143.257134 42.234048 -42.720839
143.362433 42.617851 -58.847205
142.973723 42.534571 -58.683231
>
142.127130 36.048343 -14.554876
141.828013 36.142511 -22.175717
141.786003 35.840884 -19.595860
142.127130 36.048343 -14.554876
>
141.955230 37.927337 -38.345769
141.501248 37.938045 -51.477749
141.683369 37.543652 -41.910389
141.955230 37.927337 -38.345769
>
149.591385 44.442859 -22.223428
149.064170 44.086688 -19.894039
149.387088 43.737738 -10.896874
149.591385 44.442859 -22.223428
>
141.534735 36.032808 -27.379858
141.828013 36.142511 -22.175717
141.646376 36.400277 -29.871928
141.534735 36.032808 -27.379858
>
143.362433 42.617851 -58.847205
143.729675 42.448404 -52.522679
143.703630 42.944724 -81.380576
143.362433 42.617851 -58.847205
>
141.682027 35.513191 -19.652564
142.062534 35.660270 -12.091191
141.786003 35.840884 -19.595860
141.682027 35.513191 -19.652564
>
141.377967 36.663013 -40.087872
141.085579 36.864672 -49.685094
140.966793 36.484958 -46.768673
141.377967 36.663013 -40.087872
>
145.838272 42.641847 -21.309276
146.359692 42.769538 -17.997151
145.983719 43.189218 -39.202428
145.838272 42.641847 -21.309276
>
150.150569 45.408970 -49.803564
149.757410 45.306397 -55.932995
149.929914 44.943291 -35.113783
150.150569 45.408970 -49.803564
>
141.786003 35.840884 -19.595860
141.828013 36.142511 -22.175717
141.534735 36.032808 -27.379858
141.786003 35.840884 -19.595860
>
144.090454 42.207826 -43.378506
144.215461 42.609758 -55.850352
143.729675 42.448404 -52.522679
144.090454 42.207826 -43.378506
>
140.732514 36.825662 -59.298314
140.412231 36.694622 -67.669469
140.606821 36.483703 -56.342763
140.732514 36.825662 -59.298314
>
149.929914 44.943291 -35.113783
150.170471 44.555551 -18.070471
150.455961 44.902209 -23.451914
149.929914 44.943291 -35.113783
>
148.586503 44.208796 -41.871018
149.064170 44.086688 -19.894039
149.021301 44.657784 -41.227481
148.586503 44.208796 -41.871018
>
149.021301 44.657784 -41.227481
149.064170 44.086688 -19.894039
149.591385 44.442859 -22.223428
149.021301 44.657784 -41.227481
>
141.292952 38.306396 -63.732884
141.116835 37.933065 -65.958651
141.501248 37.938045 -51.477749
141.292952 38.306396 -63.732884
>
146.845218 42.954120 -16.981405
146.359692 42.769538 -17.997151
146.779507 42.400754 -10.854238
146.845218 42.954120 -16.981405
>
149.929914 44.943291 -35.113783
149.757410 45.306397 -55.932995
149.451702 45.038771 -49.778487
149.929914 44.943291 -35.113783
>
140.023846 36.573932 -80.060320
140.412231 36.694622 -67.669469
140.411236 37.155930 -80.276047
140.023846 36.573932 -80.060320
>
142.120000 34.830000 -8.209455
141.784413 34.563811 -14.841040
141.883000 34.212700 -11.003277
142.120000 34.830000 -8.209455
>
141.121321 34.555869 -33.445958
141.398247 34.278383 -24.549171
141.492928 34.579708 -22.425981
141.121321 34.555869 -33.445958
>
141.492928 34.579708 -22.425981
141.338971 34.880933 -27.209639
141.121321 34.555869 -33.445958
141.492928 34.579708 -22.425981
>
140.836043 32.478037 -49.409408
141.109497 32.198105 -37.823811
141.230180 32.501253 -32.707088
140.836043 32.478037 -49.409408
>
141.908768 30.519797 -21.233661
141.593218 30.862867 -24.951034
141.338805 30.472300 -44.719022
141.908768 30.519797 -21.233661
>
140.806698 32.111062 -52.960041
141.109497 32.198105 -37.823811
140.836043 32.478037 -49.409408
140.806698 32.111062 -52.960041
>
141.121321 34.555869 -33.445958
141.338971 34.880933 -27.209639
141.002373 34.947578 -37.488780
141.121321 34.555869 -33.445958
>
141.675391 32.816330 -17.629198
141.509097 32.538345 -23.338196
141.769718 32.460478 -16.681242
141.675391 32.816330 -17.629198
>
140.947945 35.824256 -37.961997
140.680795 35.713428 -45.663652
140.929350 35.551388 -38.006608
140.947945 35.824256 -37.961997
>
140.353077 34.503619 -61.275867
140.364959 34.902700 -60.966250
139.872122 34.727889 -80.672385
140.353077 34.503619 -61.275867
>
141.101686 34.162315 -33.823010
141.398247 34.278383 -24.549171
141.121321 34.555869 -33.445958
141.101686 34.162315 -33.823010
>
140.285957 33.029217 -80.081742
140.601409 33.289537 -57.423798
140.183047 33.432940 -80.095308
140.285957 33.029217 -80.081742
>
141.275218 33.411021 -29.597817
141.346689 33.051879 -27.376538
141.669880 33.223879 -18.151130
141.275218 33.411021 -29.597817
>
139.833210 36.176497 -80.433471
140.193910 36.150390 -65.508546
140.023846 36.573932 -80.060320
139.833210 36.176497 -80.433471
>
140.183047 33.432940 -80.095308
140.601409 33.289537 -57.423798
140.507795 33.692313 -59.470104
140.183047 33.432940 -80.095308
>
141.669880 33.223879 -18.151130
141.607106 33.604946 -19.010845
141.275218 33.411021 -29.597817
141.669880 33.223879 -18.151130
>
142.019325 32.702799 -9.212580
141.675391 32.816330 -17.629198
141.769718 32.460478 -16.681242
142.019325 32.702799 -9.212580
>
140.364959 34.902700 -60.966250
140.107115 35.128698 -68.510352
139.872122 34.727889 -80.672385
140.364959 34.902700 -60.966250
>
141.553110 31.925951 -23.575031
141.561331 31.607379 -23.694712
141.830897 31.823484 -16.814883
141.553110 31.925951 -23.575031
>
140.353077 34.503619 -61.275867
140.427866 34.099806 -60.077748
140.755540 34.329649 -45.887022
140.353077 34.503619 -61.275867
>
140.499693 32.229685 -80.012130
140.806698 32.111062 -52.960041
140.836043 32.478037 -49.409408
140.499693 32.229685 -80.012130
>
141.338805 30.472300 -44.719022
141.015537 30.666740 -57.980679
140.871752 30.424803 -79.676268
141.338805 30.472300 -44.719022
>
141.230180 32.501253 -32.707088
141.109497 32.198105 -37.823811
141.478173 32.244027 -25.213911
141.230180 32.501253 -32.707088
>
141.478173 32.244027 -25.213911
141.509097 32.538345 -23.338196
141.230180 32.501253 -32.707088
141.478173 32.244027 -25.213911
>
140.740819 35.956067 -44.354060
140.680795 35.713428 -45.663652
140.947945 35.824256 -37.961997
140.740819 35.956067 -44.354060
>
141.830897 31.823484 -16.814883
141.561331 31.607379 -23.694712
141.853069 31.493800 -17.048537
141.830897 31.823484 -16.814883
>
139.985143 34.248304 -80.261217
140.427866 34.099806 -60.077748
140.353077 34.503619 -61.275867
139.985143 34.248304 -80.261217
>
140.714614 32.895794 -53.492147
140.601409 33.289537 -57.423798
140.285957 33.029217 -80.081742
140.714614 32.895794 -53.492147
>
141.225755 33.815870 -30.248038
141.607106 33.604946 -19.010845
141.578593 33.982636 -19.059396
141.225755 33.815870 -30.248038
>
140.485896 36.211451 -55.538050
140.439078 35.911881 -54.643947
140.740819 35.956067 -44.354060
140.485896 36.211451 -55.538050
>
140.499693 32.229685 -80.012130
140.836043 32.478037 -49.409408
140.404699 32.680906 -80.093240
140.499693 32.229685 -80.012130
>
140.680795 35.713428 -45.663652
140.404138 35.604128 -56.716529
140.675926 35.418685 -47.064551
140.680795 35.713428 -45.663652
>
140.755540 34.329649 -45.887022
140.712834 34.713363 -47.692056
140.353077 34.503619 -61.275867
140.755540 34.329649 -45.887022
>
140.601409 33.289537 -57.423798
140.902191 33.553285 -42.723438
140.507795 33.692313 -59.470104
140.601409 33.289537 -57.423798
>
140.404699 32.680906 -80.093240
140.714614 32.895794 -53.492147
140.285957 33.029217 -80.081742
140.404699 32.680906 -80.093240
>
140.986511 33.168047 -40.398447
141.275218 33.411021 -29.597817
140.902191 33.553285 -42.723438
140.986511 33.168047 -40.398447
>
141.275218 33.411021 -29.597817
141.607106 33.604946 -19.010845
141.225755 33.815870 -30.248038
141.275218 33.411021 -29.597817
>
141.368271 32.742802 -26.721851
141.509097 32.538345 -23.338196
141.675391 32.816330 -17.629198
141.368271 32.742802 -26.721851
>
140.836043 32.478037 -49.409408
140.714614 32.895794 -53.492147
140.404699 32.680906 -80.093240
140.836043 32.478037 -49.409408
>
142.019325 32.702799 -9.212580
141.769718 32.460478 -16.681242
142.034438 32.337184 -11.784684
142.019325 32.702799 -9.212580
>
141.931077 33.807451 -9.516235
141.607106 33.604946 -19.010845
141.987235 33.417141 -10.225075
141.931077 33.807451 -9.516235
>
140.578854 31.778465 -79.852650
140.806698 32.111062 -52.960041
140.499693 32.229685 -80.012130
140.578854 31.778465 -79.852650
>
140.986511 33.168047 -40.398447
140.902191 33.553285 -42.723438
140.601409 33.289537 -57.423798
140.986511 33.168047 -40.398447
>
141.368271 32.742802 -26.721851
141.675391 32.816330 -17.629198
141.346689 33.051879 -27.376538
141.368271 32.742802 -26.721851
>
139.785041 35.205092 -80.242675
140.104676 35.458366 -67.816981
139.801098 35.710865 -79.615505
139.785041 35.205092 -80.242675
>
141.987235 33.417141 -10.225075
141.607106 33.604946 -19.010845
141.669880 33.223879 -18.151130
141.987235 33.417141 -10.225075
>
141.002373 34.947578 -37.488780
141.338971 34.880933 -27.209639
141.214277 35.187206 -30.733332
141.002373 34.947578 -37.488780
>
140.404138 35.604128 -56.716529
140.401754 35.265590 -58.817865
140.675926 35.418685 -47.064551
140.404138 35.604128 -56.716529
>
141.225755 33.815870 -30.248038
141.101686 34.162315 -33.823010
140.816455 33.942923 -44.527803
141.225755 33.815870 -30.248038
>
140.119717 33.836664 -79.874744
140.427866 34.099806 -60.077748
139.985143 34.248304 -80.261217
140.119717 33.836664 -79.874744
>
140.642183 31.382657 -79.054665
140.958983 31.553399 -48.584367
140.578854 31.778465 -79.852650
140.642183 31.382657 -79.054665
>
140.680795 35.713428 -45.663652
140.675926 35.418685 -47.064551
140.929350 35.551388 -38.006608
140.680795 35.713428 -45.663652
>
141.368271 32.742802 -26.721851
141.346689 33.051879 -27.376538
141.079999 32.806205 -36.347360
141.368271 32.742802 -26.721851
>
141.346689 33.051879 -27.376538
141.675391 32.816330 -17.629198
141.669880 33.223879 -18.151130
141.346689 33.051879 -27.376538
>
139.985143 34.248304 -80.261217
140.353077 34.503619 -61.275867
139.872122 34.727889 -80.672385
139.985143 34.248304 -80.261217
>
140.578854 31.778465 -79.852650
141.009401 31.871016 -43.359388
140.806698 32.111062 -52.960041
140.578854 31.778465 -79.852650
>
141.521523 35.173438 -22.555527
141.338971 34.880933 -27.209639
141.672884 34.852148 -18.129461
141.521523 35.173438 -22.555527
>
141.079999 32.806205 -36.347360
141.346689 33.051879 -27.376538
140.986511 33.168047 -40.398447
141.079999 32.806205 -36.347360
>
140.958983 31.553399 -48.584367
141.009401 31.871016 -43.359388
140.578854 31.778465 -79.852650
140.958983 31.553399 -48.584367
>
140.947945 35.824256 -37.961997
140.929350 35.551388 -38.006608
141.202869 35.667730 -31.461261
140.947945 35.824256 -37.961997
>
140.902191 33.553285 -42.723438
141.225755 33.815870 -30.248038
140.816455 33.942923 -44.527803
140.902191 33.553285 -42.723438
>
141.214277 35.187206 -30.733332
140.939686 35.266999 -38.615073
141.002373 34.947578 -37.488780
141.214277 35.187206 -30.733332
>
142.130000 31.730000 -9.748994
141.853069 31.493800 -17.048537
142.179777 31.347760 -10.005711
142.130000 31.730000 -9.748994
>
140.507795 33.692313 -59.470104
140.427866 34.099806 -60.077748
140.119717 33.836664 -79.874744
140.507795 33.692313 -59.470104
>
141.883000 34.212700 -11.003277
141.578593 33.982636 -19.059396
141.931077 33.807451 -9.516235
141.883000 34.212700 -11.003277
>
140.986511 33.168047 -40.398447
141.346689 33.051879 -27.376538
141.275218 33.411021 -29.597817
140.986511 33.168047 -40.398447
>
140.836043 32.478037 -49.409408
141.079999 32.806205 -36.347360
140.714614 32.895794 -53.492147
140.836043 32.478037 -49.409408
>
141.277528 31.725352 -32.268426
141.561331 31.607379 -23.694712
141.553110 31.925951 -23.575031
141.277528 31.725352 -32.268426
>
140.836043 32.478037 -49.409408
141.230180 32.501253 -32.707088
141.079999 32.806205 -36.347360
140.836043 32.478037 -49.409408
>
141.478173 32.244027 -25.213911
141.109497 32.198105 -37.823811
141.296487 31.983238 -31.214760
141.478173 32.244027 -25.213911
>
141.101686 34.162315 -33.823010
141.121321 34.555869 -33.445958
140.755540 34.329649 -45.887022
141.101686 34.162315 -33.823010
>
142.130000 31.730000 -9.748994
141.830897 31.823484 -16.814883
141.853069 31.493800 -17.048537
142.130000 31.730000 -9.748994
>
141.578593 33.982636 -19.059396
141.607106 33.604946 -19.010845
141.931077 33.807451 -9.516235
141.578593 33.982636 -19.059396
>
140.816455 33.942923 -44.527803
140.427866 34.099806 -60.077748
140.507795 33.692313 -59.470104
140.816455 33.942923 -44.527803
>
141.354230 35.437060 -27.191619
141.214277 35.187206 -30.733332
141.521523 35.173438 -22.555527
141.354230 35.437060 -27.191619
>
141.272669 31.405740 -32.479049
141.277528 31.725352 -32.268426
140.958983 31.553399 -48.584367
141.272669 31.405740 -32.479049
>
140.902191 33.553285 -42.723438
140.816455 33.942923 -44.527803
140.507795 33.692313 -59.470104
140.902191 33.553285 -42.723438
>
141.908768 30.519797 -21.233661
141.947957 30.827489 -17.008400
141.593218 30.862867 -24.951034
141.908768 30.519797 -21.233661
>
141.275218 33.411021 -29.597817
141.225755 33.815870 -30.248038
140.902191 33.553285 -42.723438
141.275218 33.411021 -29.597817
>
142.288514 30.545359 -10.896971
141.947957 30.827489 -17.008400
141.908768 30.519797 -21.233661
142.288514 30.545359 -10.896971
>
141.101686 34.162315 -33.823010
140.755540 34.329649 -45.887022
140.816455 33.942923 -44.527803
141.101686 34.162315 -33.823010
>
142.235935 30.942721 -9.755745
141.947957 30.827489 -17.008400
142.288514 30.545359 -10.896971
142.235935 30.942721 -9.755745
>
140.183047 33.432940 -80.095308
140.507795 33.692313 -59.470104
140.119717 33.836664 -79.874744
140.183047 33.432940 -80.095308
>
140.712834 34.713363 -47.692056
140.364959 34.902700 -60.966250
140.353077 34.503619 -61.275867
140.712834 34.713363 -47.692056
>
141.230180 32.501253 -32.707088
141.368271 32.742802 -26.721851
141.079999 32.806205 -36.347360
141.230180 32.501253 -32.707088
>
139.833210 36.176497 -80.433471
140.128911 35.835820 -66.578508
140.193910 36.150390 -65.508546
139.833210 36.176497 -80.433471
>
141.296487 31.983238 -31.214760
141.109497 32.198105 -37.823811
141.009401 31.871016 -43.359388
141.296487 31.983238 -31.214760
>
140.993434 31.176861 -47.095438
141.272669 31.405740 -32.479049
140.958983 31.553399 -48.584367
140.993434 31.176861 -47.095438
>
140.993434 31.176861 -47.095438
140.958983 31.553399 -48.584367
140.642183 31.382657 -79.054665
140.993434 31.176861 -47.095438
>
140.650099 31.018514 -79.917779
140.993434 31.176861 -47.095438
140.642183 31.382657 -79.054665
140.650099 31.018514 -79.917779
>
141.121321 34.555869 -33.445958
140.712834 34.713363 -47.692056
140.755540 34.329649 -45.887022
141.121321 34.555869 -33.445958
>
141.593218 30.862867 -24.951034
141.196371 30.865901 -39.111005
141.338805 30.472300 -44.719022
141.593218 30.862867 -24.951034
>
141.987235 33.417141 -10.225075
141.669880 33.223879 -18.151130
142.006957 33.059370 -10.345719
141.987235 33.417141 -10.225075
>
142.179777 31.347760 -10.005711
141.880287 31.130195 -17.062571
142.235935 30.942721 -9.755745
142.179777 31.347760 -10.005711
>
141.578593 33.982636 -19.059396
141.324928 34.058453 -26.694892
141.225755 33.815870 -30.248038
141.578593 33.982636 -19.059396
>
141.079999 32.806205 -36.347360
140.986511 33.168047 -40.398447
140.714614 32.895794 -53.492147
141.079999 32.806205 -36.347360
>
140.104676 35.458366 -67.816981
140.128911 35.835820 -66.578508
139.801098 35.710865 -79.615505
140.104676 35.458366 -67.816981
>
139.801098 35.710865 -79.615505
140.128911 35.835820 -66.578508
139.833210 36.176497 -80.433471
139.801098 35.710865 -79.615505
>
141.121321 34.555869 -33.445958
141.002373 34.947578 -37.488780
140.712834 34.713363 -47.692056
141.121321 34.555869 -33.445958
>
142.006957 33.059370 -10.345719
141.675391 32.816330 -17.629198
142.019325 32.702799 -9.212580
142.006957 33.059370 -10.345719
>
141.214277 35.187206 -30.733332
141.338971 34.880933 -27.209639
141.521523 35.173438 -22.555527
141.214277 35.187206 -30.733332
>
141.669880 33.223879 -18.151130
141.675391 32.816330 -17.629198
142.006957 33.059370 -10.345719
141.669880 33.223879 -18.151130
>
140.986511 33.168047 -40.398447
140.601409 33.289537 -57.423798
140.714614 32.895794 -53.492147
140.986511 33.168047 -40.398447
>
140.939686 35.266999 -38.615073
140.686941 35.082146 -48.464933
141.002373 34.947578 -37.488780
140.939686 35.266999 -38.615073
>
141.672884 34.852148 -18.129461
141.492928 34.579708 -22.425981
141.784413 34.563811 -14.841040
141.672884 34.852148 -18.129461
>
140.439078 35.911881 -54.643947
140.680795 35.713428 -45.663652
140.740819 35.956067 -44.354060
140.439078 35.911881 -54.643947
>
140.755540 34.329649 -45.887022
140.427866 34.099806 -60.077748
140.816455 33.942923 -44.527803
140.755540 34.329649 -45.887022
>
142.034438 32.337184 -11.784684
141.792977 32.140977 -17.174530
142.091528 32.054737 -10.300365
142.034438 32.337184 -11.784684
>
141.478173 32.244027 -25.213911
141.553110 31.925951 -23.575031
141.792977 32.140977 -17.174530
141.478173 32.244027 -25.213911
>
141.230180 32.501253 -32.707088
141.509097 32.538345 -23.338196
141.368271 32.742802 -26.721851
141.230180 32.501253 -32.707088
>
141.883000 34.212700 -11.003277
141.644434 34.331222 -17.653716
141.578593 33.982636 -19.059396
141.883000 34.212700 -11.003277
>
141.672884 34.852148 -18.129461
141.338971 34.880933 -27.209639
141.492928 34.579708 -22.425981
141.672884 34.852148 -18.129461
>
141.553110 31.925951 -23.575031
141.296487 31.983238 -31.214760
141.277528 31.725352 -32.268426
141.553110 31.925951 -23.575031
>
142.091528 32.054737 -10.300365
141.830897 31.823484 -16.814883
142.130000 31.730000 -9.748994
142.091528 32.054737 -10.300365
>
141.853069 31.493800 -17.048537
141.880287 31.130195 -17.062571
142.179777 31.347760 -10.005711
141.853069 31.493800 -17.048537
>
142.034438 32.337184 -11.784684
141.769718 32.460478 -16.681242
141.792977 32.140977 -17.174530
142.034438 32.337184 -11.784684
>
141.769718 32.460478 -16.681242
141.478173 32.244027 -25.213911
141.792977 32.140977 -17.174530
141.769718 32.460478 -16.681242
>
141.272669 31.405740 -32.479049
141.561331 31.607379 -23.694712
141.277528 31.725352 -32.268426
141.272669 31.405740 -32.479049
>
140.485896 36.211451 -55.538050
140.193910 36.150390 -65.508546
140.439078 35.911881 -54.643947
140.485896 36.211451 -55.538050
>
140.712834 34.713363 -47.692056
140.686941 35.082146 -48.464933
140.364959 34.902700 -60.966250
140.712834 34.713363 -47.692056
>
141.296487 31.983238 -31.214760
141.009401 31.871016 -43.359388
141.277528 31.725352 -32.268426
141.296487 31.983238 -31.214760
>
140.675926 35.418685 -47.064551
140.939686 35.266999 -38.615073
140.929350 35.551388 -38.006608
140.675926 35.418685 -47.064551
>
140.760926 30.670204 -79.819906
140.909830 30.900494 -57.464372
140.650099 31.018514 -79.917779
140.760926 30.670204 -79.819906
>
141.196371 30.865901 -39.111005
141.327405 31.116145 -30.314128
140.993434 31.176861 -47.095438
141.196371 30.865901 -39.111005
>
141.853069 31.493800 -17.048537
141.581330 31.269354 -23.359817
141.880287 31.130195 -17.062571
141.853069 31.493800 -17.048537
>
141.561331 31.607379 -23.694712
141.581330 31.269354 -23.359817
141.853069 31.493800 -17.048537
141.561331 31.607379 -23.694712
>
141.002373 34.947578 -37.488780
140.686941 35.082146 -48.464933
140.712834 34.713363 -47.692056
141.002373 34.947578 -37.488780
>
140.193910 36.150390 -65.508546
140.128911 35.835820 -66.578508
140.439078 35.911881 -54.643947
140.193910 36.150390 -65.508546
>
139.785041 35.205092 -80.242675
140.107115 35.128698 -68.510352
140.104676 35.458366 -67.816981
139.785041 35.205092 -80.242675
>
141.792977 32.140977 -17.174530
141.830897 31.823484 -16.814883
142.091528 32.054737 -10.300365
141.792977 32.140977 -17.174530
>
141.880287 31.130195 -17.062571
141.581330 31.269354 -23.359817
141.593218 30.862867 -24.951034
141.880287 31.130195 -17.062571
>
141.578593 33.982636 -19.059396
141.644434 34.331222 -17.653716
141.398247 34.278383 -24.549171
141.578593 33.982636 -19.059396
>
141.784413 34.563811 -14.841040
141.644434 34.331222 -17.653716
141.883000 34.212700 -11.003277
141.784413 34.563811 -14.841040
>
139.872122 34.727889 -80.672385
140.107115 35.128698 -68.510352
139.785041 35.205092 -80.242675
139.872122 34.727889 -80.672385
>
140.993434 31.176861 -47.095438
140.909830 30.900494 -57.464372
141.196371 30.865901 -39.111005
140.993434 31.176861 -47.095438
>
141.553110 31.925951 -23.575031
141.830897 31.823484 -16.814883
141.792977 32.140977 -17.174530
141.553110 31.925951 -23.575031
>
140.286737 36.433882 -66.501327
140.193910 36.150390 -65.508546
140.485896 36.211451 -55.538050
140.286737 36.433882 -66.501327
>
140.993434 31.176861 -47.095438
141.327405 31.116145 -30.314128
141.272669 31.405740 -32.479049
140.993434 31.176861 -47.095438
>
141.225755 33.815870 -30.248038
141.324928 34.058453 -26.694892
141.101686 34.162315 -33.823010
141.225755 33.815870 -30.248038
>
141.202869 35.667730 -31.461261
141.128879 35.417228 -32.853717
141.354230 35.437060 -27.191619
141.202869 35.667730 -31.461261
>
141.492928 34.579708 -22.425981
141.644434 34.331222 -17.653716
141.784413 34.563811 -14.841040
141.492928 34.579708 -22.425981
>
141.009401 31.871016 -43.359388
141.109497 32.198105 -37.823811
140.806698 32.111062 -52.960041
141.009401 31.871016 -43.359388
>
141.354230 35.437060 -27.191619
141.128879 35.417228 -32.853717
141.214277 35.187206 -30.733332
141.354230 35.437060 -27.191619
>
140.104676 35.458366 -67.816981
140.401754 35.265590 -58.817865
140.404138 35.604128 -56.716529
140.104676 35.458366 -67.816981
>
141.398247 34.278383 -24.549171
141.644434 34.331222 -17.653716
141.492928 34.579708 -22.425981
141.398247 34.278383 -24.549171
>
140.871752 30.424803 -79.676268
141.015537 30.666740 -57.980679
140.760926 30.670204 -79.819906
140.871752 30.424803 -79.676268
>
140.675926 35.418685 -47.064551
140.686941 35.082146 -48.464933
140.939686 35.266999 -38.615073
140.675926 35.418685 -47.064551
>
140.929350 35.551388 -38.006608
141.128879 35.417228 -32.853717
141.202869 35.667730 -31.461261
140.929350 35.551388 -38.006608
>
141.593218 30.862867 -24.951034
141.327405 31.116145 -30.314128
141.196371 30.865901 -39.111005
141.593218 30.862867 -24.951034
>
141.272669 31.405740 -32.479049
141.581330 31.269354 -23.359817
141.561331 31.607379 -23.694712
141.272669 31.405740 -32.479049
>
141.581330 31.269354 -23.359817
141.327405 31.116145 -30.314128
141.593218 30.862867 -24.951034
141.581330 31.269354 -23.359817
>
141.478173 32.244027 -25.213911
141.296487 31.983238 -31.214760
141.553110 31.925951 -23.575031
141.478173 32.244027 -25.213911
>
141.880287 31.130195 -17.062571
141.947957 30.827489 -17.008400
142.235935 30.942721 -9.755745
141.880287 31.130195 -17.062571
>
141.593218 30.862867 -24.951034
141.947957 30.827489 -17.008400
141.880287 31.130195 -17.062571
141.593218 30.862867 -24.951034
>
141.196371 30.865901 -39.111005
141.015537 30.666740 -57.980679
141.338805 30.472300 -44.719022
141.196371 30.865901 -39.111005
>
141.277528 31.725352 -32.268426
141.009401 31.871016 -43.359388
140.958983 31.553399 -48.584367
141.277528 31.725352 -32.268426
>
140.675926 35.418685 -47.064551
140.401754 35.265590 -58.817865
140.686941 35.082146 -48.464933
140.675926 35.418685 -47.064551
>
140.650099 31.018514 -79.917779
140.909830 30.900494 -57.464372
140.993434 31.176861 -47.095438
140.650099 31.018514 -79.917779
>
140.104676 35.458366 -67.816981
140.404138 35.604128 -56.716529
140.128911 35.835820 -66.578508
140.104676 35.458366 -67.816981
>
141.214277 35.187206 -30.733332
141.128879 35.417228 -32.853717
140.939686 35.266999 -38.615073
141.214277 35.187206 -30.733332
>
141.015537 30.666740 -57.980679
140.909830 30.900494 -57.464372
140.760926 30.670204 -79.819906
141.015537 30.666740 -57.980679
>
140.939686 35.266999 -38.615073
141.128879 35.417228 -32.853717
140.929350 35.551388 -38.006608
140.939686 35.266999 -38.615073
>
140.128911 35.835820 -66.578508
140.404138 35.604128 -56.716529
140.439078 35.911881 -54.643947
140.128911 35.835820 -66.578508
>
141.769718 32.460478 -16.681242
141.509097 32.538345 -23.338196
141.478173 32.244027 -25.213911
141.769718 32.460478 -16.681242
>
140.686941 35.082146 -48.464933
140.401754 35.265590 -58.817865
140.364959 34.902700 -60.966250
140.686941 35.082146 -48.464933
>
140.439078 35.911881 -54.643947
140.404138 35.604128 -56.716529
140.680795 35.713428 -45.663652
140.439078 35.911881 -54.643947
>
141.101686 34.162315 -33.823010
141.324928 34.058453 -26.694892
141.398247 34.278383 -24.549171
141.101686 34.162315 -33.823010
>
141.272669 31.405740 -32.479049
141.327405 31.116145 -30.314128
141.581330 31.269354 -23.359817
141.272669 31.405740 -32.479049
>
141.398247 34.278383 -24.549171
141.324928 34.058453 -26.694892
141.578593 33.982636 -19.059396
141.398247 34.278383 -24.549171
>
140.364959 34.902700 -60.966250
140.401754 35.265590 -58.817865
140.107115 35.128698 -68.510352
140.364959 34.902700 -60.966250
>
140.107115 35.128698 -68.510352
140.401754 35.265590 -58.817865
140.104676 35.458366 -67.816981
140.107115 35.128698 -68.510352
>
141.196371 30.865901 -39.111005
140.909830 30.900494 -57.464372
141.015537 30.666740 -57.980679
141.196371 30.865901 -39.111005
>
140.023846 36.573932 -80.060320
140.193910 36.150390 -65.508546
140.286737 36.433882 -66.501327
140.023846 36.573932 -80.060320
