>
140.359409 34.780829 -5.443564
140.386726 34.924000 -9.644392
140.262725 34.897247 -7.826436
140.359409 34.780829 -5.443564
>
140.854936 34.646179 -7.774371
140.810781 34.783120 -10.085096
140.729986 34.669406 -7.090197
140.854936 34.646179 -7.774371
>
139.632962 35.322610 -13.910028
139.465510 35.292096 -9.847343
139.594355 35.184312 -9.750782
139.632962 35.322610 -13.910028
>
139.495227 35.998261 -46.531898
139.574084 36.119998 -54.333689
139.459665 36.105336 -55.113802
139.495227 35.998261 -46.531898
>
140.405464 35.860228 -35.982513
140.371649 35.738219 -34.597778
140.494507 35.765390 -33.587497
140.405464 35.860228 -35.982513
>
140.810781 34.783120 -10.085096
140.854936 34.646179 -7.774371
140.923154 34.728105 -9.956464
140.810781 34.783120 -10.085096
>
139.758494 35.709712 -30.491927
139.672661 35.809937 -34.153446
139.606303 35.677711 -26.762693
139.758494 35.709712 -30.491927
>
139.574084 36.119998 -54.333689
139.495227 35.998261 -46.531898
139.644766 36.021881 -46.788511
139.574084 36.119998 -54.333689
>
140.525268 35.886053 -35.018223
140.405464 35.860228 -35.982513
140.494507 35.765390 -33.587497
140.525268 35.886053 -35.018223
>
140.213116 34.783101 -4.232931
140.359409 34.780829 -5.443564
140.262725 34.897247 -7.826436
140.213116 34.783101 -4.232931
>
141.554646 35.086463 -18.496490
141.498353 35.206267 -20.086402
141.419251 35.090698 -18.551428
141.554646 35.086463 -18.496490
>
141.358031 34.705419 -12.532195
141.450220 34.594807 -11.592740
141.480938 34.730909 -13.774338
141.358031 34.705419 -12.532195
>
139.465510 35.292096 -9.847343
139.632962 35.322610 -13.910028
139.546566 35.434362 -15.967559
139.465510 35.292096 -9.847343
>
140.984494 35.803845 -31.272998
140.869020 35.877459 -32.825144
140.835917 35.725394 -29.240167
140.984494 35.803845 -31.272998
>
141.153865 35.531955 -25.675021
141.009461 35.528924 -25.768052
141.095706 35.415081 -23.504062
141.153865 35.531955 -25.675021
>
140.981473 35.666654 -28.417014
140.984494 35.803845 -31.272998
140.835917 35.725394 -29.240167
140.981473 35.666654 -28.417014
>
140.740813 35.824463 -30.753563
140.642607 35.909579 -34.285531
140.615885 35.790911 -32.128801
140.740813 35.824463 -30.753563
>
141.390512 34.848375 -14.976034
141.476263 34.971171 -17.018145
141.344663 34.983198 -16.802701
141.390512 34.848375 -14.976034
>
140.669828 36.037679 -38.389936
140.586109 36.124284 -41.477052
140.553403 36.007078 -37.391575
140.669828 36.037679 -38.389936
>
139.719809 35.580533 -24.236188
139.758494 35.709712 -30.491927
139.606303 35.677711 -26.762693
139.719809 35.580533 -24.236188
>
140.753546 35.951074 -35.113304
140.642607 35.909579 -34.285531
140.740813 35.824463 -30.753563
140.753546 35.951074 -35.113304
>
140.143051 36.285075 -53.514696
139.998129 36.216631 -52.694742
140.148318 36.159618 -46.967151
140.143051 36.285075 -53.514696
>
141.476263 34.971171 -17.018145
141.390512 34.848375 -14.976034
141.537564 34.851635 -15.621073
141.476263 34.971171 -17.018145
>
140.525268 35.886053 -35.018223
140.553403 36.007078 -37.391575
140.438756 35.980566 -37.946499
140.525268 35.886053 -35.018223
>
140.282686 35.833955 -36.533741
140.244615 35.707599 -34.887610
140.371649 35.738219 -34.597778
140.282686 35.833955 -36.533741
>
141.498353 35.206267 -20.086402
141.357423 35.204113 -20.130658
141.419251 35.090698 -18.551428
141.498353 35.206267 -20.086402
>
140.386726 34.924000 -9.644392
140.359409 34.780829 -5.443564
140.481137 34.838575 -8.180393
140.386726 34.924000 -9.644392
>
140.405464 35.860228 -35.982513
140.525268 35.886053 -35.018223
140.438756 35.980566 -37.946499
140.405464 35.860228 -35.982513
>
141.225347 34.663481 -10.743682
141.125174 34.568110 -8.193008
141.248360 34.527005 -7.964339
141.225347 34.663481 -10.743682
>
139.594355 35.184312 -9.750782
139.465510 35.292096 -9.847343
139.456570 35.134966 -5.464979
139.594355 35.184312 -9.750782
>
140.244615 35.707599 -34.887610
140.282686 35.833955 -36.533741
140.155481 35.803784 -36.392393
140.244615 35.707599 -34.887610
>
141.450220 34.594807 -11.592740
141.358031 34.705419 -12.532195
141.334831 34.596542 -10.423170
141.450220 34.594807 -11.592740
>
139.467383 35.727289 -27.800670
139.471581 35.566986 -20.070983
139.606303 35.677711 -26.762693
139.467383 35.727289 -27.800670
>
141.480938 34.730909 -13.774338
141.450220 34.594807 -11.592740
141.550933 34.645879 -13.052148
141.480938 34.730909 -13.774338
>
140.981473 35.666654 -28.417014
140.835917 35.725394 -29.240167
140.876739 35.586513 -27.133443
140.981473 35.666654 -28.417014
>
141.223483 35.200233 -19.851607
141.141225 35.091048 -17.725231
141.284158 35.092976 -18.288638
141.223483 35.200233 -19.851607
>
141.009461 35.528924 -25.768052
141.153865 35.531955 -25.675021
141.091442 35.623021 -27.504859
141.009461 35.528924 -25.768052
>
141.476263 34.971171 -17.018145
141.554646 35.086463 -18.496490
141.419251 35.090698 -18.551428
141.476263 34.971171 -17.018145
>
139.606303 35.677711 -26.762693
139.672661 35.809937 -34.153446
139.558086 35.798922 -32.570077
139.606303 35.677711 -26.762693
>
140.263404 36.346420 -52.868040
140.143051 36.285075 -53.514696
140.237559 36.254221 -49.055632
140.263404 36.346420 -52.868040
>
140.642607 35.909579 -34.285531
140.669828 36.037679 -38.389936
140.553403 36.007078 -37.391575
140.642607 35.909579 -34.285531
>
140.148318 36.159618 -46.967151
139.998129 36.216631 -52.694742
140.023700 36.099994 -46.089206
140.148318 36.159618 -46.967151
>
140.334214 35.612191 -33.561537
140.459230 35.642263 -32.775863
140.371649 35.738219 -34.597778
140.334214 35.612191 -33.561537
>
140.869020 35.877459 -32.825144
140.740813 35.824463 -30.753563
140.835917 35.725394 -29.240167
140.869020 35.877459 -32.825144
>
139.726800 36.145526 -52.569270
139.574084 36.119998 -54.333689
139.644766 36.021881 -46.788511
139.726800 36.145526 -52.569270
>
140.043382 36.343685 -60.280149
139.998129 36.216631 -52.694742
140.143051 36.285075 -53.514696
140.043382 36.343685 -60.280149
>
140.586109 36.124284 -41.477052
140.471852 36.099685 -40.076777
140.553403 36.007078 -37.391575
140.586109 36.124284 -41.477052
>
139.764291 36.031025 -45.623561
139.726800 36.145526 -52.569270
139.644766 36.021881 -46.788511
139.764291 36.031025 -45.623561
>
140.244615 35.707599 -34.887610
140.334214 35.612191 -33.561537
140.371649 35.738219 -34.597778
140.244615 35.707599 -34.887610
>
139.352086 35.658122 -23.448450
139.471581 35.566986 -20.070983
139.467383 35.727289 -27.800670
139.352086 35.658122 -23.448450
>
139.495227 35.998261 -46.531898
139.588545 35.906418 -39.548974
139.644766 36.021881 -46.788511
139.495227 35.998261 -46.531898
>
140.282686 35.833955 -36.533741
140.371649 35.738219 -34.597778
140.405464 35.860228 -35.982513
140.282686 35.833955 -36.533741
>
140.810781 34.783120 -10.085096
140.672926 34.779849 -8.784744
140.729986 34.669406 -7.090197
140.810781 34.783120 -10.085096
>
141.141225 35.091048 -17.725231
141.218902 34.988563 -16.353740
141.284158 35.092976 -18.288638
141.141225 35.091048 -17.725231
>
140.167517 36.389875 -59.766417
140.143051 36.285075 -53.514696
140.263404 36.346420 -52.868040
140.167517 36.389875 -59.766417
>
141.883000 34.212700 -8.700961
141.843132 34.341288 -10.607501
141.764192 34.250693 -8.114407
141.883000 34.212700 -8.700961
>
140.111184 36.033140 -42.487659
140.195895 35.931708 -38.872320
140.235847 36.053664 -41.911523
140.111184 36.033140 -42.487659
>
139.546566 35.434362 -15.967559
139.632962 35.322610 -13.910028
139.680811 35.451529 -18.468416
139.546566 35.434362 -15.967559
>
141.095706 35.415081 -23.504062
140.973003 35.398926 -23.142227
141.047957 35.299238 -21.206864
141.095706 35.415081 -23.504062
>
141.218902 34.988563 -16.353740
141.344663 34.983198 -16.802701
141.284158 35.092976 -18.288638
141.218902 34.988563 -16.353740
>
140.869020 35.877459 -32.825144
140.753546 35.951074 -35.113304
140.740813 35.824463 -30.753563
140.869020 35.877459 -32.825144
>
140.502391 36.210890 -45.270574
140.418672 36.297495 -48.749807
140.394340 36.190207 -44.109982
140.502391 36.210890 -45.270574
>
140.244615 35.707599 -34.887610
140.155481 35.803784 -36.392393
140.116243 35.676452 -34.100019
140.244615 35.707599 -34.887610
>
141.027943 34.479218 -5.631864
141.125174 34.568110 -8.193008
140.992395 34.622373 -8.542353
141.027943 34.479218 -5.631864
>
140.155481 35.803784 -36.392393
140.026148 35.772595 -35.515681
140.116243 35.676452 -34.100019
140.155481 35.803784 -36.392393
>
141.125174 34.568110 -8.193008
141.225347 34.663481 -10.743682
141.102448 34.675549 -10.236909
141.125174 34.568110 -8.193008
>
140.229250 35.233755 -18.932433
140.262957 35.360113 -26.261782
140.134711 35.326899 -22.044328
140.229250 35.233755 -18.932433
>
140.615885 35.790911 -32.128801
140.642607 35.909579 -34.285531
140.525268 35.886053 -35.018223
140.615885 35.790911 -32.128801
>
140.282686 35.833955 -36.533741
140.195895 35.931708 -38.872320
140.155481 35.803784 -36.392393
140.282686 35.833955 -36.533741
>
140.403744 34.637873 -2.610792
140.491941 34.722041 -5.417318
140.359409 34.780829 -5.443564
140.403744 34.637873 -2.610792
>
139.738592 34.775917 -4.010519
139.872122 34.727889 -3.526510
139.831294 34.857347 -6.304410
139.738592 34.775917 -4.010519
>
139.882707 36.097650 -47.495354
139.726800 36.145526 -52.569270
139.764291 36.031025 -45.623561
139.882707 36.097650 -47.495354
>
139.362086 35.806732 -31.683926
139.352086 35.658122 -23.448450
139.467383 35.727289 -27.800670
139.362086 35.806732 -31.683926
>
140.111184 36.033140 -42.487659
140.067300 35.900396 -38.551685
140.195895 35.931708 -38.872320
140.111184 36.033140 -42.487659
>
140.195895 35.931708 -38.872320
140.067300 35.900396 -38.551685
140.155481 35.803784 -36.392393
140.195895 35.931708 -38.872320
>
140.291651 36.436064 -60.066716
140.167517 36.389875 -59.766417
140.263404 36.346420 -52.868040
140.291651 36.436064 -60.066716
>
140.981473 35.666654 -28.417014
140.876739 35.586513 -27.133443
141.009461 35.528924 -25.768052
140.981473 35.666654 -28.417014
>
140.740813 35.824463 -30.753563
140.615885 35.790911 -32.128801
140.702330 35.701495 -29.975658
140.740813 35.824463 -30.753563
>
140.043382 36.343685 -60.280149
139.899039 36.311929 -61.374164
139.998129 36.216631 -52.694742
140.043382 36.343685 -60.280149
>
140.235847 36.053664 -41.911523
140.195895 35.931708 -38.872320
140.319314 35.955782 -38.633886
140.235847 36.053664 -41.911523
>
140.148318 36.159618 -46.967151
140.283141 36.167165 -44.845370
140.237559 36.254221 -49.055632
140.148318 36.159618 -46.967151
>
139.978164 35.992929 -41.983399
140.067300 35.900396 -38.551685
140.111184 36.033140 -42.487659
139.978164 35.992929 -41.983399
>
141.344663 34.983198 -16.802701
141.419251 35.090698 -18.551428
141.284158 35.092976 -18.288638
141.344663 34.983198 -16.802701
>
140.901336 34.517400 -5.520389
141.027943 34.479218 -5.631864
140.992395 34.622373 -8.542353
140.901336 34.517400 -5.520389
>
140.170281 35.454107 -29.392843
140.040446 35.421283 -24.541369
140.134711 35.326899 -22.044328
140.170281 35.454107 -29.392843
>
140.262957 35.360113 -26.261782
140.229250 35.233755 -18.932433
140.355694 35.267041 -21.640933
140.262957 35.360113 -26.261782
>
140.262957 35.360113 -26.261782
140.170281 35.454107 -29.392843
140.134711 35.326899 -22.044328
140.262957 35.360113 -26.261782
>
141.101662 35.191408 -19.341665
141.011208 35.096069 -17.230203
141.141225 35.091048 -17.725231
141.101662 35.191408 -19.341665
>
141.095706 35.415081 -23.504062
141.009461 35.528924 -25.768052
140.973003 35.398926 -23.142227
141.095706 35.415081 -23.504062
>
141.407766 34.364671 -7.235356
141.526575 34.326678 -8.099782
141.488747 34.454694 -9.987445
141.407766 34.364671 -7.235356
>
140.085922 34.800926 -3.889834
140.137933 34.682881 -1.337699
140.213116 34.783101 -4.232931
140.085922 34.800926 -3.889834
>
140.270838 34.660377 -1.828884
140.403744 34.637873 -2.610792
140.359409 34.780829 -5.443564
140.270838 34.660377 -1.828884
>
139.726800 36.145526 -52.569270
139.882707 36.097650 -47.495354
139.848608 36.214303 -54.765420
139.726800 36.145526 -52.569270
>
139.703534 34.898643 -6.005413
139.738592 34.775917 -4.010519
139.831294 34.857347 -6.304410
139.703534 34.898643 -6.005413
>
140.067300 35.900396 -38.551685
139.936407 35.867131 -37.761318
140.026148 35.772595 -35.515681
140.067300 35.900396 -38.551685
>
140.004287 35.292964 -18.043249
139.969992 35.163915 -14.001203
140.101048 35.199171 -16.196449
140.004287 35.292964 -18.043249
>
141.803264 34.469876 -11.929910
141.763395 34.598463 -13.391389
141.686889 34.504725 -11.868843
141.803264 34.469876 -11.929910
>
140.101048 35.199171 -16.196449
140.229250 35.233755 -18.932433
140.134711 35.326899 -22.044328
140.101048 35.199171 -16.196449
>
140.418672 36.297495 -48.749807
140.325550 36.270707 -47.319115
140.394340 36.190207 -44.109982
140.418672 36.297495 -48.749807
>
139.569139 35.057618 -6.630326
139.594355 35.184312 -9.750782
139.456570 35.134966 -5.464979
139.569139 35.057618 -6.630326
>
140.101048 35.199171 -16.196449
140.070226 35.069899 -11.978189
140.197820 35.107598 -13.950912
140.101048 35.199171 -16.196449
>
141.225347 34.663481 -10.743682
141.248360 34.527005 -7.964339
141.334831 34.596542 -10.423170
141.225347 34.663481 -10.743682
>
141.164978 35.307382 -21.576927
141.224970 35.424059 -23.661919
141.095706 35.415081 -23.504062
141.164978 35.307382 -21.576927
>
141.281159 34.402853 -5.581829
141.407766 34.364671 -7.235356
141.369101 34.490010 -8.942605
141.281159 34.402853 -5.581829
>
140.101048 35.199171 -16.196449
140.197820 35.107598 -13.950912
140.229250 35.233755 -18.932433
140.101048 35.199171 -16.196449
>
140.067300 35.900396 -38.551685
140.026148 35.772595 -35.515681
140.155481 35.803784 -36.392393
140.067300 35.900396 -38.551685
>
140.101048 35.199171 -16.196449
139.969992 35.163915 -14.001203
140.070226 35.069899 -11.978189
140.101048 35.199171 -16.196449
>
139.758494 35.709712 -30.491927
139.804882 35.836791 -36.316469
139.672661 35.809937 -34.153446
139.758494 35.709712 -30.491927
>
141.764192 34.250693 -8.114407
141.843132 34.341288 -10.607501
141.725060 34.378475 -9.960444
141.764192 34.250693 -8.114407
>
139.352086 35.658122 -23.448450
139.342086 35.509513 -16.337694
139.471581 35.566986 -20.070983
139.352086 35.658122 -23.448450
>
140.040446 35.421283 -24.541369
140.004287 35.292964 -18.043249
140.134711 35.326899 -22.044328
140.040446 35.421283 -24.541369
>
141.645383 34.288685 -6.953278
141.764192 34.250693 -8.114407
141.725060 34.378475 -9.960444
141.645383 34.288685 -6.953278
>
139.758494 35.709712 -30.491927
139.894144 35.740602 -33.599496
139.804882 35.836791 -36.316469
139.758494 35.709712 -30.491927
>
141.223483 35.200233 -19.851607
141.101662 35.191408 -19.341665
141.141225 35.091048 -17.725231
141.223483 35.200233 -19.851607
>
139.672661 35.809937 -34.153446
139.804882 35.836791 -36.316469
139.719649 35.930060 -40.766692
139.672661 35.809937 -34.153446
>
141.488747 34.454694 -9.987445
141.607499 34.415582 -10.110086
141.572343 34.540235 -11.787994
141.488747 34.454694 -9.987445
>
141.344663 34.983198 -16.802701
141.476263 34.971171 -17.018145
141.419251 35.090698 -18.551428
141.344663 34.983198 -16.802701
>
140.197820 35.107598 -13.950912
140.070226 35.069899 -11.978189
140.170219 34.983714 -9.837238
140.197820 35.107598 -13.950912
>
140.702330 35.701495 -29.975658
140.615885 35.790911 -32.128801
140.581863 35.671296 -31.423968
140.702330 35.701495 -29.975658
>
141.357423 35.204113 -20.130658
141.292202 35.314465 -21.813833
141.223483 35.200233 -19.851607
141.357423 35.204113 -20.130658
>
141.125174 34.568110 -8.193008
141.154551 34.441035 -5.097477
141.248360 34.527005 -7.964339
141.125174 34.568110 -8.193008
>
140.026148 35.772595 -35.515681
139.985773 35.644682 -31.959608
140.116243 35.676452 -34.100019
140.026148 35.772595 -35.515681
>
140.873956 35.053013 -15.749709
140.750554 35.020952 -14.495807
140.841961 34.925502 -13.087116
140.873956 35.053013 -15.749709
>
140.810781 34.783120 -10.085096
140.716760 34.895812 -11.615581
140.672926 34.779849 -8.784744
140.810781 34.783120 -10.085096
>
141.427625 35.318854 -21.767746
141.292202 35.314465 -21.813833
141.357423 35.204113 -20.130658
141.427625 35.318854 -21.767746
>
141.223483 35.200233 -19.851607
141.164978 35.307382 -21.576927
141.101662 35.191408 -19.341665
141.223483 35.200233 -19.851607
>
140.932636 34.838120 -12.057415
140.967076 34.961995 -14.541982
140.841961 34.925502 -13.087116
140.932636 34.838120 -12.057415
>
139.804882 35.836791 -36.316469
139.847683 35.959265 -41.349366
139.719649 35.930060 -40.766692
139.804882 35.836791 -36.316469
>
140.538718 35.082966 -15.292473
140.507844 34.960163 -11.632903
140.628408 34.991415 -13.214115
140.538718 35.082966 -15.292473
>
140.005027 34.705385 -2.353388
140.137933 34.682881 -1.337699
140.085922 34.800926 -3.889834
140.005027 34.705385 -2.353388
>
139.332086 35.360903 -9.456134
139.334057 35.213935 -3.876046
139.465510 35.292096 -9.847343
139.332086 35.360903 -9.456134
>
139.894144 35.740602 -33.599496
139.985773 35.644682 -31.959608
140.026148 35.772595 -35.515681
139.894144 35.740602 -33.599496
>
140.841961 34.925502 -13.087116
140.716760 34.895812 -11.615581
140.810781 34.783120 -10.085096
140.841961 34.925502 -13.087116
>
141.498353 35.206267 -20.086402
141.427625 35.318854 -21.767746
141.357423 35.204113 -20.130658
141.498353 35.206267 -20.086402
>
140.841961 34.925502 -13.087116
140.750554 35.020952 -14.495807
140.716760 34.895812 -11.615581
140.841961 34.925502 -13.087116
>
140.967076 34.961995 -14.541982
140.873956 35.053013 -15.749709
140.841961 34.925502 -13.087116
140.967076 34.961995 -14.541982
>
141.601541 34.737975 -14.446043
141.667234 34.846855 -15.783970
141.537564 34.851635 -15.621073
141.601541 34.737975 -14.446043
>
140.932636 34.838120 -12.057415
140.841961 34.925502 -13.087116
140.810781 34.783120 -10.085096
140.932636 34.838120 -12.057415
>
140.525268 35.886053 -35.018223
140.642607 35.909579 -34.285531
140.553403 36.007078 -37.391575
140.525268 35.886053 -35.018223
>
141.099968 35.730231 -29.666227
140.984494 35.803845 -31.272998
140.981473 35.666654 -28.417014
141.099968 35.730231 -29.666227
>
139.853162 35.612698 -28.390373
139.894144 35.740602 -33.599496
139.758494 35.709712 -30.491927
139.853162 35.612698 -28.390373
>
140.973003 35.398926 -23.142227
140.932744 35.288760 -20.736370
141.047957 35.299238 -21.206864
140.973003 35.398926 -23.142227
>
141.223483 35.200233 -19.851607
141.292202 35.314465 -21.813833
141.164978 35.307382 -21.576927
141.223483 35.200233 -19.851607
>
140.359409 34.780829 -5.443564
140.491941 34.722041 -5.417318
140.481137 34.838575 -8.180393
140.359409 34.780829 -5.443564
>
140.170219 34.983714 -9.837238
140.042701 34.931001 -7.884202
140.154937 34.879198 -6.527925
140.170219 34.983714 -9.837238
>
141.056341 34.865266 -13.351970
140.967076 34.961995 -14.541982
140.932636 34.838120 -12.057415
141.056341 34.865266 -13.351970
>
141.427625 35.318854 -21.767746
141.356898 35.431441 -23.603610
141.292202 35.314465 -21.813833
141.427625 35.318854 -21.767746
>
139.936407 35.867131 -37.761318
139.894144 35.740602 -33.599496
140.026148 35.772595 -35.515681
139.936407 35.867131 -37.761318
>
140.004287 35.292964 -18.043249
140.101048 35.199171 -16.196449
140.134711 35.326899 -22.044328
140.004287 35.292964 -18.043249
>
141.164978 35.307382 -21.576927
141.292202 35.314465 -21.813833
141.224970 35.424059 -23.661919
141.164978 35.307382 -21.576927
>
139.882707 36.097650 -47.495354
139.998129 36.216631 -52.694742
139.848608 36.214303 -54.765420
139.882707 36.097650 -47.495354
>
141.610940 34.966659 -17.062922
141.476263 34.971171 -17.018145
141.537564 34.851635 -15.621073
141.610940 34.966659 -17.062922
>
141.610940 34.966659 -17.062922
141.554646 35.086463 -18.496490
141.476263 34.971171 -17.018145
141.610940 34.966659 -17.062922
>
140.042701 34.931001 -7.884202
140.085922 34.800926 -3.889834
140.154937 34.879198 -6.527925
140.042701 34.931001 -7.884202
>
141.369101 34.490010 -8.942605
141.407766 34.364671 -7.235356
141.488747 34.454694 -9.987445
141.369101 34.490010 -8.942605
>
140.538718 35.082966 -15.292473
140.416248 35.050017 -13.645536
140.507844 34.960163 -11.632903
140.538718 35.082966 -15.292473
>
140.873956 35.053013 -15.749709
140.783083 35.145090 -17.249863
140.750554 35.020952 -14.495807
140.873956 35.053013 -15.749709
>
140.507844 34.960163 -11.632903
140.595931 34.874037 -10.152907
140.628408 34.991415 -13.214115
140.507844 34.960163 -11.632903
>
141.224970 35.424059 -23.661919
141.153865 35.531955 -25.675021
141.095706 35.415081 -23.504062
141.224970 35.424059 -23.661919
>
139.978164 35.992929 -41.983399
139.936407 35.867131 -37.761318
140.067300 35.900396 -38.551685
139.978164 35.992929 -41.983399
>
140.137933 34.682881 -1.337699
140.270838 34.660377 -1.828884
140.213116 34.783101 -4.232931
140.137933 34.682881 -1.337699
>
141.723527 34.727051 -14.604049
141.667234 34.846855 -15.783970
141.601541 34.737975 -14.446043
141.723527 34.727051 -14.604049
>
140.167517 36.389875 -59.766417
140.043382 36.343685 -60.280149
140.143051 36.285075 -53.514696
140.167517 36.389875 -59.766417
>
141.667234 34.846855 -15.783970
141.610940 34.966659 -17.062922
141.537564 34.851635 -15.621073
141.667234 34.846855 -15.783970
>
140.004287 35.292964 -18.043249
139.871069 35.258527 -15.461841
139.969992 35.163915 -14.001203
140.004287 35.292964 -18.043249
>
140.750554 35.020952 -14.495807
140.660639 35.114561 -16.362181
140.628408 34.991415 -13.214115
140.750554 35.020952 -14.495807
>
139.569139 35.057618 -6.630326
139.456570 35.134966 -5.464979
139.456644 34.997288 -3.483894
139.569139 35.057618 -6.630326
>
140.197820 35.107598 -13.950912
140.170219 34.983714 -9.837238
140.292906 35.017340 -11.719592
140.197820 35.107598 -13.950912
>
141.056341 34.865266 -13.351970
140.932636 34.838120 -12.057415
141.025024 34.750732 -11.117216
141.056341 34.865266 -13.351970
>
141.027943 34.479218 -5.631864
141.154551 34.441035 -5.097477
141.125174 34.568110 -8.193008
141.027943 34.479218 -5.631864
>
140.672926 34.779849 -8.784744
140.716760 34.895812 -11.615581
140.595931 34.874037 -10.152907
140.672926 34.779849 -8.784744
>
139.831294 34.857347 -6.304410
139.872122 34.727889 -3.526510
139.961818 34.823989 -5.248029
139.831294 34.857347 -6.304410
>
140.716760 34.895812 -11.615581
140.750554 35.020952 -14.495807
140.628408 34.991415 -13.214115
140.716760 34.895812 -11.615581
>
140.750554 35.020952 -14.495807
140.783083 35.145090 -17.249863
140.660639 35.114561 -16.362181
140.750554 35.020952 -14.495807
>
140.229250 35.233755 -18.932433
140.197820 35.107598 -13.950912
140.323270 35.141708 -16.094042
140.229250 35.233755 -18.932433
>
140.571466 35.207143 -19.126720
140.538718 35.082966 -15.292473
140.660639 35.114561 -16.362181
140.571466 35.207143 -19.126720
>
140.298131 35.486294 -31.876111
140.170281 35.454107 -29.392843
140.262957 35.360113 -26.261782
140.298131 35.486294 -31.876111
>
141.011208 35.096069 -17.230203
140.873956 35.053013 -15.749709
140.967076 34.961995 -14.541982
141.011208 35.096069 -17.230203
>
140.040446 35.421283 -24.541369
139.908457 35.387986 -19.832160
140.004287 35.292964 -18.043249
140.040446 35.421283 -24.541369
>
141.292202 35.314465 -21.813833
141.356898 35.431441 -23.603610
141.224970 35.424059 -23.661919
141.292202 35.314465 -21.813833
>
140.903181 35.176347 -18.312346
140.783083 35.145090 -17.249863
140.873956 35.053013 -15.749709
140.903181 35.176347 -18.312346
>
139.605061 34.823945 -2.810045
139.738592 34.775917 -4.010519
139.703534 34.898643 -6.005413
139.605061 34.823945 -2.810045
>
139.804882 35.836791 -36.316469
139.936407 35.867131 -37.761318
139.847683 35.959265 -41.349366
139.804882 35.836791 -36.316469
>
141.265412 34.796760 -13.430267
141.358031 34.705419 -12.532195
141.390512 34.848375 -14.976034
141.265412 34.796760 -13.430267
>
140.660639 35.114561 -16.362181
140.538718 35.082966 -15.292473
140.628408 34.991415 -13.214115
140.660639 35.114561 -16.362181
>
140.783083 35.145090 -17.249863
140.694406 35.238926 -19.273836
140.660639 35.114561 -16.362181
140.783083 35.145090 -17.249863
>
141.154551 34.441035 -5.097477
141.281159 34.402853 -5.581829
141.248360 34.527005 -7.964339
141.154551 34.441035 -5.097477
>
141.356898 35.431441 -23.603610
141.286170 35.544029 -25.620417
141.224970 35.424059 -23.661919
141.356898 35.431441 -23.603610
>
140.595931 34.874037 -10.152907
140.716760 34.895812 -11.615581
140.628408 34.991415 -13.214115
140.595931 34.874037 -10.152907
>
140.776938 34.547518 -4.954297
140.901336 34.517400 -5.520389
140.854936 34.646179 -7.774371
140.776938 34.547518 -4.954297
>
140.571466 35.207143 -19.126720
140.447704 35.174498 -18.066204
140.538718 35.082966 -15.292473
140.571466 35.207143 -19.126720
>
140.694406 35.238926 -19.273836
140.571466 35.207143 -19.126720
140.660639 35.114561 -16.362181
140.694406 35.238926 -19.273836
>
141.265412 34.796760 -13.430267
141.225347 34.663481 -10.743682
141.358031 34.705419 -12.532195
141.265412 34.796760 -13.430267
>
141.011208 35.096069 -17.230203
140.967076 34.961995 -14.541982
141.094791 34.981316 -15.600608
141.011208 35.096069 -17.230203
>
140.816585 35.266172 -19.951349
140.694406 35.238926 -19.273836
140.783083 35.145090 -17.249863
140.816585 35.266172 -19.951349
>
139.699021 35.095882 -9.952097
139.594355 35.184312 -9.750782
139.569139 35.057618 -6.630326
139.699021 35.095882 -9.952097
>
139.734440 35.223948 -13.031906
139.594355 35.184312 -9.750782
139.699021 35.095882 -9.952097
139.734440 35.223948 -13.031906
>
140.670367 35.579018 -28.999580
140.581863 35.671296 -31.423968
140.548857 35.548697 -30.545180
140.670367 35.579018 -28.999580
>
139.625751 36.241683 -60.676920
139.496806 36.203192 -61.522371
139.574084 36.119998 -54.333689
139.625751 36.241683 -60.676920
>
139.734440 35.223948 -13.031906
139.699021 35.095882 -9.952097
139.835047 35.127871 -12.307306
139.734440 35.223948 -13.031906
>
140.903181 35.176347 -18.312346
140.873956 35.053013 -15.749709
141.011208 35.096069 -17.230203
140.903181 35.176347 -18.312346
>
141.094791 34.981316 -15.600608
141.175346 34.884454 -14.385023
141.218902 34.988563 -16.353740
141.094791 34.981316 -15.600608
>
141.094791 34.981316 -15.600608
140.967076 34.961995 -14.541982
141.056341 34.865266 -13.351970
141.094791 34.981316 -15.600608
>
141.265412 34.796760 -13.430267
141.143171 34.774979 -12.291314
141.225347 34.663481 -10.743682
141.265412 34.796760 -13.430267
>
140.732023 35.364924 -22.707503
140.694406 35.238926 -19.273836
140.816585 35.266172 -19.951349
140.732023 35.364924 -22.707503
>
140.403744 34.637873 -2.610792
140.528142 34.607755 -3.382154
140.491941 34.722041 -5.417318
140.403744 34.637873 -2.610792
>
139.334057 35.213935 -3.876046
139.336029 35.066968 -1.466094
139.456570 35.134966 -5.464979
139.334057 35.213935 -3.876046
>
140.816585 35.266172 -19.951349
140.783083 35.145090 -17.249863
140.903181 35.176347 -18.312346
140.816585 35.266172 -19.951349
>
140.170219 34.983714 -9.837238
140.070226 35.069899 -11.978189
140.042701 34.931001 -7.884202
140.170219 34.983714 -9.837238
>
140.694406 35.238926 -19.273836
140.606017 35.332320 -23.061520
140.571466 35.207143 -19.126720
140.694406 35.238926 -19.273836
>
141.175346 34.884454 -14.385023
141.143171 34.774979 -12.291314
141.265412 34.796760 -13.430267
141.175346 34.884454 -14.385023
>
139.804882 35.836791 -36.316469
139.894144 35.740602 -33.599496
139.936407 35.867131 -37.761318
139.804882 35.836791 -36.316469
>
140.732023 35.364924 -22.707503
140.641554 35.457141 -26.731415
140.606017 35.332320 -23.061520
140.732023 35.364924 -22.707503
>
140.753546 35.951074 -35.113304
140.669828 36.037679 -38.389936
140.642607 35.909579 -34.285531
140.753546 35.951074 -35.113304
>
141.286170 35.544029 -25.620417
141.215442 35.656616 -27.879716
141.153865 35.531955 -25.675021
141.286170 35.544029 -25.620417
>
141.094791 34.981316 -15.600608
141.056341 34.865266 -13.351970
141.175346 34.884454 -14.385023
141.094791 34.981316 -15.600608
>
140.732023 35.364924 -22.707503
140.606017 35.332320 -23.061520
140.694406 35.238926 -19.273836
140.732023 35.364924 -22.707503
>
141.175346 34.884454 -14.385023
141.056341 34.865266 -13.351970
141.143171 34.774979 -12.291314
141.175346 34.884454 -14.385023
>
140.538718 35.082966 -15.292473
140.447704 35.174498 -18.066204
140.416248 35.050017 -13.645536
140.538718 35.082966 -15.292473
>
141.286170 35.544029 -25.620417
141.153865 35.531955 -25.675021
141.224970 35.424059 -23.661919
141.286170 35.544029 -25.620417
>
139.847683 35.959265 -41.349366
139.978164 35.992929 -41.983399
139.882707 36.097650 -47.495354
139.847683 35.959265 -41.349366
>
139.754697 36.280174 -60.655263
139.625751 36.241683 -60.676920
139.726800 36.145526 -52.569270
139.754697 36.280174 -60.655263
>
140.670367 35.579018 -28.999580
140.548857 35.548697 -30.545180
140.641554 35.457141 -26.731415
140.670367 35.579018 -28.999580
>
140.571466 35.207143 -19.126720
140.606017 35.332320 -23.061520
140.481311 35.299589 -23.132139
140.571466 35.207143 -19.126720
>
139.853162 35.612698 -28.390373
139.985773 35.644682 -31.959608
139.894144 35.740602 -33.599496
139.853162 35.612698 -28.390373
>
141.143171 34.774979 -12.291314
141.056341 34.865266 -13.351970
141.025024 34.750732 -11.117216
141.143171 34.774979 -12.291314
>
140.070226 35.069899 -11.978189
139.969992 35.163915 -14.001203
139.938278 35.035055 -10.772999
140.070226 35.069899 -11.978189
>
140.270838 34.660377 -1.828884
140.359409 34.780829 -5.443564
140.213116 34.783101 -4.232931
140.270838 34.660377 -1.828884
>
140.507844 34.960163 -11.632903
140.416248 35.050017 -13.645536
140.386726 34.924000 -9.644392
140.507844 34.960163 -11.632903
>
140.732023 35.364924 -22.707503
140.816585 35.266172 -19.951349
140.854076 35.382988 -22.820464
140.732023 35.364924 -22.707503
>
140.702330 35.701495 -29.975658
140.581863 35.671296 -31.423968
140.670367 35.579018 -28.999580
140.702330 35.701495 -29.975658
>
140.571466 35.207143 -19.126720
140.481311 35.299589 -23.132139
140.447704 35.174498 -18.066204
140.571466 35.207143 -19.126720
>
140.777409 35.495289 -25.959151
140.641554 35.457141 -26.731415
140.732023 35.364924 -22.707503
140.777409 35.495289 -25.959151
>
140.207367 35.580988 -33.144726
140.334214 35.612191 -33.561537
140.244615 35.707599 -34.887610
140.207367 35.580988 -33.144726
>
140.816585 35.266172 -19.951349
140.903181 35.176347 -18.312346
140.932744 35.288760 -20.736370
140.816585 35.266172 -19.951349
>
140.004287 35.292964 -18.043249
139.908457 35.387986 -19.832160
139.871069 35.258527 -15.461841
140.004287 35.292964 -18.043249
>
139.726800 36.145526 -52.569270
139.625751 36.241683 -60.676920
139.574084 36.119998 -54.333689
139.726800 36.145526 -52.569270
>
139.546566 35.434362 -15.967559
139.471581 35.566986 -20.070983
139.423670 35.430739 -14.021522
139.546566 35.434362 -15.967559
>
140.371649 35.738219 -34.597778
140.459230 35.642263 -32.775863
140.494507 35.765390 -33.587497
140.371649 35.738219 -34.597778
>
141.723527 34.727051 -14.604049
141.601541 34.737975 -14.446043
141.649771 34.625721 -13.301151
141.723527 34.727051 -14.604049
>
139.847683 35.959265 -41.349366
139.936407 35.867131 -37.761318
139.978164 35.992929 -41.983399
139.847683 35.959265 -41.349366
>
140.777409 35.495289 -25.959151
140.732023 35.364924 -22.707503
140.854076 35.382988 -22.820464
140.777409 35.495289 -25.959151
>
140.854936 34.646179 -7.774371
140.901336 34.517400 -5.520389
140.992395 34.622373 -8.542353
140.854936 34.646179 -7.774371
>
140.070226 35.069899 -11.978189
139.938278 35.035055 -10.772999
140.042701 34.931001 -7.884202
140.070226 35.069899 -11.978189
>
140.992395 34.622373 -8.542353
141.025024 34.750732 -11.117216
140.923154 34.728105 -9.956464
140.992395 34.622373 -8.542353
>
141.763395 34.598463 -13.391389
141.723527 34.727051 -14.604049
141.649771 34.625721 -13.301151
141.763395 34.598463 -13.391389
>
140.670367 35.579018 -28.999580
140.641554 35.457141 -26.731415
140.777409 35.495289 -25.959151
140.670367 35.579018 -28.999580
>
140.424293 35.517784 -31.720785
140.334214 35.612191 -33.561537
140.298131 35.486294 -31.876111
140.424293 35.517784 -31.720785
>
139.465510 35.292096 -9.847343
139.334057 35.213935 -3.876046
139.456570 35.134966 -5.464979
139.465510 35.292096 -9.847343
>
139.969992 35.163915 -14.001203
139.871069 35.258527 -15.461841
139.835047 35.127871 -12.307306
139.969992 35.163915 -14.001203
>
141.803264 34.469876 -11.929910
141.686889 34.504725 -11.868843
141.725060 34.378475 -9.960444
141.803264 34.469876 -11.929910
>
139.853162 35.612698 -28.390373
139.758494 35.709712 -30.491927
139.719809 35.580533 -24.236188
139.853162 35.612698 -28.390373
>
140.816585 35.266172 -19.951349
140.932744 35.288760 -20.736370
140.854076 35.382988 -22.820464
140.816585 35.266172 -19.951349
>
140.548857 35.548697 -30.545180
140.581863 35.671296 -31.423968
140.459230 35.642263 -32.775863
140.548857 35.548697 -30.545180
>
140.319314 35.955782 -38.633886
140.195895 35.931708 -38.872320
140.282686 35.833955 -36.533741
140.319314 35.955782 -38.633886
>
140.481311 35.299589 -23.132139
140.606017 35.332320 -23.061520
140.515651 35.424675 -28.031782
140.481311 35.299589 -23.132139
>
139.734440 35.223948 -13.031906
139.632962 35.322610 -13.910028
139.594355 35.184312 -9.750782
139.734440 35.223948 -13.031906
>
139.946867 35.516677 -26.521800
140.078071 35.549066 -30.932997
139.985773 35.644682 -31.959608
139.946867 35.516677 -26.521800
>
140.298131 35.486294 -31.876111
140.262957 35.360113 -26.261782
140.389673 35.392583 -28.239005
140.298131 35.486294 -31.876111
>
141.369101 34.490010 -8.942605
141.488747 34.454694 -9.987445
141.450220 34.594807 -11.592740
141.369101 34.490010 -8.942605
>
141.281159 34.402853 -5.581829
141.369101 34.490010 -8.942605
141.248360 34.527005 -7.964339
141.281159 34.402853 -5.581829
>
139.871069 35.258527 -15.461841
139.774189 35.354482 -16.874252
139.734440 35.223948 -13.031906
139.871069 35.258527 -15.461841
>
140.298131 35.486294 -31.876111
140.207367 35.580988 -33.144726
140.170281 35.454107 -29.392843
140.298131 35.486294 -31.876111
>
140.040446 35.421283 -24.541369
139.946867 35.516677 -26.521800
139.908457 35.387986 -19.832160
140.040446 35.421283 -24.541369
>
140.298131 35.486294 -31.876111
140.334214 35.612191 -33.561537
140.207367 35.580988 -33.144726
140.298131 35.486294 -31.876111
>
139.871069 35.258527 -15.461841
139.734440 35.223948 -13.031906
139.835047 35.127871 -12.307306
139.871069 35.258527 -15.461841
>
140.170281 35.454107 -29.392843
140.078071 35.549066 -30.932997
140.040446 35.421283 -24.541369
140.170281 35.454107 -29.392843
>
139.871069 35.258527 -15.461841
139.908457 35.387986 -19.832160
139.774189 35.354482 -16.874252
139.871069 35.258527 -15.461841
>
139.734440 35.223948 -13.031906
139.774189 35.354482 -16.874252
139.632962 35.322610 -13.910028
139.734440 35.223948 -13.031906
>
140.641554 35.457141 -26.731415
140.548857 35.548697 -30.545180
140.515651 35.424675 -28.031782
140.641554 35.457141 -26.731415
>
140.652540 34.577636 -4.431143
140.776938 34.547518 -4.954297
140.729986 34.669406 -7.090197
140.652540 34.577636 -4.431143
>
140.394340 36.190207 -44.109982
140.325550 36.270707 -47.319115
140.283141 36.167165 -44.845370
140.394340 36.190207 -44.109982
>
140.740813 35.824463 -30.753563
140.702330 35.701495 -29.975658
140.835917 35.725394 -29.240167
140.740813 35.824463 -30.753563
>
140.424293 35.517784 -31.720785
140.459230 35.642263 -32.775863
140.334214 35.612191 -33.561537
140.424293 35.517784 -31.720785
>
139.938278 35.035055 -10.772999
139.969992 35.163915 -14.001203
139.835047 35.127871 -12.307306
139.938278 35.035055 -10.772999
>
140.606017 35.332320 -23.061520
140.641554 35.457141 -26.731415
140.515651 35.424675 -28.031782
140.606017 35.332320 -23.061520
>
140.040446 35.421283 -24.541369
140.078071 35.549066 -30.932997
139.946867 35.516677 -26.521800
140.040446 35.421283 -24.541369
>
140.548857 35.548697 -30.545180
140.459230 35.642263 -32.775863
140.424293 35.517784 -31.720785
140.548857 35.548697 -30.545180
>
140.170281 35.454107 -29.392843
140.207367 35.580988 -33.144726
140.078071 35.549066 -30.932997
140.170281 35.454107 -29.392843
>
140.323270 35.141708 -16.094042
140.197820 35.107598 -13.950912
140.292906 35.017340 -11.719592
140.323270 35.141708 -16.094042
>
139.946867 35.516677 -26.521800
139.985773 35.644682 -31.959608
139.853162 35.612698 -28.390373
139.946867 35.516677 -26.521800
>
140.586109 36.124284 -41.477052
140.502391 36.210890 -45.270574
140.471852 36.099685 -40.076777
140.586109 36.124284 -41.477052
>
139.467383 35.727289 -27.800670
139.606303 35.677711 -26.762693
139.558086 35.798922 -32.570077
139.467383 35.727289 -27.800670
>
139.672661 35.809937 -34.153446
139.719649 35.930060 -40.766692
139.588545 35.906418 -39.548974
139.672661 35.809937 -34.153446
>
141.011208 35.096069 -17.230203
141.101662 35.191408 -19.341665
141.001663 35.208886 -19.319920
141.011208 35.096069 -17.230203
>
140.207367 35.580988 -33.144726
140.244615 35.707599 -34.887610
140.116243 35.676452 -34.100019
140.207367 35.580988 -33.144726
>
140.548857 35.548697 -30.545180
140.424293 35.517784 -31.720785
140.515651 35.424675 -28.031782
140.548857 35.548697 -30.545180
>
140.854936 34.646179 -7.774371
140.992395 34.622373 -8.542353
140.923154 34.728105 -9.956464
140.854936 34.646179 -7.774371
>
140.481311 35.299589 -23.132139
140.515651 35.424675 -28.031782
140.389673 35.392583 -28.239005
140.481311 35.299589 -23.132139
>
140.235847 36.053664 -41.911523
140.283141 36.167165 -44.845370
140.148318 36.159618 -46.967151
140.235847 36.053664 -41.911523
>
139.985773 35.644682 -31.959608
140.078071 35.549066 -30.932997
140.116243 35.676452 -34.100019
139.985773 35.644682 -31.959608
>
139.774189 35.354482 -16.874252
139.908457 35.387986 -19.832160
139.813882 35.483984 -22.083665
139.774189 35.354482 -16.874252
>
139.456570 35.134966 -5.464979
139.336029 35.066968 -1.466094
139.456644 34.997288 -3.483894
139.456570 35.134966 -5.464979
>
139.908457 35.387986 -19.832160
139.946867 35.516677 -26.521800
139.813882 35.483984 -22.083665
139.908457 35.387986 -19.832160
>
139.796277 34.990941 -9.691650
139.699021 35.095882 -9.952097
139.651346 34.995082 -7.118073
139.796277 34.990941 -9.691650
>
140.595931 34.874037 -10.152907
140.481137 34.838575 -8.180393
140.571116 34.778578 -7.684763
140.595931 34.874037 -10.152907
>
139.774189 35.354482 -16.874252
139.813882 35.483984 -22.083665
139.680811 35.451529 -18.468416
139.774189 35.354482 -16.874252
>
140.595931 34.874037 -10.152907
140.507844 34.960163 -11.632903
140.481137 34.838575 -8.180393
140.595931 34.874037 -10.152907
>
140.078071 35.549066 -30.932997
140.207367 35.580988 -33.144726
140.116243 35.676452 -34.100019
140.078071 35.549066 -30.932997
>
140.581863 35.671296 -31.423968
140.615885 35.790911 -32.128801
140.494507 35.765390 -33.587497
140.581863 35.671296 -31.423968
>
139.946867 35.516677 -26.521800
139.853162 35.612698 -28.390373
139.813882 35.483984 -22.083665
139.946867 35.516677 -26.521800
>
141.843132 34.341288 -10.607501
141.803264 34.469876 -11.929910
141.725060 34.378475 -9.960444
141.843132 34.341288 -10.607501
>
140.515651 35.424675 -28.031782
140.424293 35.517784 -31.720785
140.389673 35.392583 -28.239005
140.515651 35.424675 -28.031782
>
139.813882 35.483984 -22.083665
139.719809 35.580533 -24.236188
139.680811 35.451529 -18.468416
139.813882 35.483984 -22.083665
>
141.607499 34.415582 -10.110086
141.686889 34.504725 -11.868843
141.572343 34.540235 -11.787994
141.607499 34.415582 -10.110086
>
139.853162 35.612698 -28.390373
139.719809 35.580533 -24.236188
139.813882 35.483984 -22.083665
139.853162 35.612698 -28.390373
>
140.615885 35.790911 -32.128801
140.525268 35.886053 -35.018223
140.494507 35.765390 -33.587497
140.615885 35.790911 -32.128801
>
141.488747 34.454694 -9.987445
141.526575 34.326678 -8.099782
141.607499 34.415582 -10.110086
141.488747 34.454694 -9.987445
>
140.776938 34.547518 -4.954297
140.854936 34.646179 -7.774371
140.729986 34.669406 -7.090197
140.776938 34.547518 -4.954297
>
140.471852 36.099685 -40.076777
140.502391 36.210890 -45.270574
140.394340 36.190207 -44.109982
140.471852 36.099685 -40.076777
>
140.424293 35.517784 -31.720785
140.298131 35.486294 -31.876111
140.389673 35.392583 -28.239005
140.424293 35.517784 -31.720785
>
140.389673 35.392583 -28.239005
140.262957 35.360113 -26.261782
140.355694 35.267041 -21.640933
140.389673 35.392583 -28.239005
>
140.355694 35.267041 -21.640933
140.229250 35.233755 -18.932433
140.323270 35.141708 -16.094042
140.355694 35.267041 -21.640933
>
140.777409 35.495289 -25.959151
140.876739 35.586513 -27.133443
140.769029 35.617871 -28.290447
140.777409 35.495289 -25.959151
>
139.632962 35.322610 -13.910028
139.774189 35.354482 -16.874252
139.680811 35.451529 -18.468416
139.632962 35.322610 -13.910028
>
139.998129 36.216631 -52.694742
139.882707 36.097650 -47.495354
140.023700 36.099994 -46.089206
139.998129 36.216631 -52.694742
>
139.703534 34.898643 -6.005413
139.796277 34.990941 -9.691650
139.651346 34.995082 -7.118073
139.703534 34.898643 -6.005413
>
141.537564 34.851635 -15.621073
141.390512 34.848375 -14.976034
141.480938 34.730909 -13.774338
141.537564 34.851635 -15.621073
>
141.686889 34.504725 -11.868843
141.763395 34.598463 -13.391389
141.649771 34.625721 -13.301151
141.686889 34.504725 -11.868843
>
140.652540 34.577636 -4.431143
140.729986 34.669406 -7.090197
140.608099 34.688637 -6.126468
140.652540 34.577636 -4.431143
>
141.390512 34.848375 -14.976034
141.344663 34.983198 -16.802701
141.277588 34.899405 -15.191799
141.390512 34.848375 -14.976034
>
141.344663 34.983198 -16.802701
141.218902 34.988563 -16.353740
141.277588 34.899405 -15.191799
141.344663 34.983198 -16.802701
>
139.365935 36.045378 -50.572540
139.364011 35.926055 -39.987491
139.495227 35.998261 -46.531898
139.365935 36.045378 -50.572540
>
139.872122 34.727889 -3.526510
140.005027 34.705385 -2.353388
139.961818 34.823989 -5.248029
139.872122 34.727889 -3.526510
>
140.447704 35.174498 -18.066204
140.481311 35.299589 -23.132139
140.355694 35.267041 -21.640933
140.447704 35.174498 -18.066204
>
140.481311 35.299589 -23.132139
140.389673 35.392583 -28.239005
140.355694 35.267041 -21.640933
140.481311 35.299589 -23.132139
>
140.992395 34.622373 -8.542353
141.125174 34.568110 -8.193008
141.102448 34.675549 -10.236909
140.992395 34.622373 -8.542353
>
141.215442 35.656616 -27.879716
141.099968 35.730231 -29.666227
141.091442 35.623021 -27.504859
141.215442 35.656616 -27.879716
>
140.471852 36.099685 -40.076777
140.394340 36.190207 -44.109982
140.357233 36.074573 -41.242062
140.471852 36.099685 -40.076777
>
141.164978 35.307382 -21.576927
141.095706 35.415081 -23.504062
141.047957 35.299238 -21.206864
141.164978 35.307382 -21.576927
>
139.471581 35.566986 -20.070983
139.546566 35.434362 -15.967559
139.604862 35.542215 -20.754346
139.471581 35.566986 -20.070983
>
139.719809 35.580533 -24.236188
139.606303 35.677711 -26.762693
139.604862 35.542215 -20.754346
139.719809 35.580533 -24.236188
>
141.153865 35.531955 -25.675021
141.215442 35.656616 -27.879716
141.091442 35.623021 -27.504859
141.153865 35.531955 -25.675021
>
140.876739 35.586513 -27.133443
140.777409 35.495289 -25.959151
140.898075 35.478564 -24.928435
140.876739 35.586513 -27.133443
>
139.465510 35.292096 -9.847343
139.546566 35.434362 -15.967559
139.423670 35.430739 -14.021522
139.465510 35.292096 -9.847343
>
139.835047 35.127871 -12.307306
139.699021 35.095882 -9.952097
139.796277 34.990941 -9.691650
139.835047 35.127871 -12.307306
>
139.471581 35.566986 -20.070983
139.342086 35.509513 -16.337694
139.423670 35.430739 -14.021522
139.471581 35.566986 -20.070983
>
139.703534 34.898643 -6.005413
139.831294 34.857347 -6.304410
139.796277 34.990941 -9.691650
139.703534 34.898643 -6.005413
>
140.491941 34.722041 -5.417318
140.528142 34.607755 -3.382154
140.608099 34.688637 -6.126468
140.491941 34.722041 -5.417318
>
140.481137 34.838575 -8.180393
140.491941 34.722041 -5.417318
140.571116 34.778578 -7.684763
140.481137 34.838575 -8.180393
>
139.364011 35.926055 -39.987491
139.362086 35.806732 -31.683926
139.469925 35.862101 -36.040200
139.364011 35.926055 -39.987491
>
140.729986 34.669406 -7.090197
140.672926 34.779849 -8.784744
140.608099 34.688637 -6.126468
140.729986 34.669406 -7.090197
>
140.418672 36.297495 -48.749807
140.355162 36.366779 -51.921212
140.325550 36.270707 -47.319115
140.418672 36.297495 -48.749807
>
139.496806 36.203192 -61.522371
139.367860 36.164701 -60.382649
139.459665 36.105336 -55.113802
139.496806 36.203192 -61.522371
>
139.546566 35.434362 -15.967559
139.680811 35.451529 -18.468416
139.604862 35.542215 -20.754346
139.546566 35.434362 -15.967559
>
139.998129 36.216631 -52.694742
139.899039 36.311929 -61.374164
139.848608 36.214303 -54.765420
139.998129 36.216631 -52.694742
>
139.847683 35.959265 -41.349366
139.882707 36.097650 -47.495354
139.764291 36.031025 -45.623561
139.847683 35.959265 -41.349366
>
140.932636 34.838120 -12.057415
140.810781 34.783120 -10.085096
140.923154 34.728105 -9.956464
140.932636 34.838120 -12.057415
>
141.601541 34.737975 -14.446043
141.537564 34.851635 -15.621073
141.480938 34.730909 -13.774338
141.601541 34.737975 -14.446043
>
141.358031 34.705419 -12.532195
141.225347 34.663481 -10.743682
141.334831 34.596542 -10.423170
141.358031 34.705419 -12.532195
>
140.447704 35.174498 -18.066204
140.355694 35.267041 -21.640933
140.323270 35.141708 -16.094042
140.447704 35.174498 -18.066204
>
140.319314 35.955782 -38.633886
140.282686 35.833955 -36.533741
140.405464 35.860228 -35.982513
140.319314 35.955782 -38.633886
>
140.235847 36.053664 -41.911523
140.319314 35.955782 -38.633886
140.357233 36.074573 -41.242062
140.235847 36.053664 -41.911523
>
141.011208 35.096069 -17.230203
141.094791 34.981316 -15.600608
141.141225 35.091048 -17.725231
141.011208 35.096069 -17.230203
>
139.605061 34.823945 -2.810045
139.703534 34.898643 -6.005413
139.568597 34.932205 -4.270740
139.605061 34.823945 -2.810045
>
141.225347 34.663481 -10.743682
141.143171 34.774979 -12.291314
141.102448 34.675549 -10.236909
141.225347 34.663481 -10.743682
>
141.265412 34.796760 -13.430267
141.390512 34.848375 -14.976034
141.277588 34.899405 -15.191799
141.265412 34.796760 -13.430267
>
141.725060 34.378475 -9.960444
141.686889 34.504725 -11.868843
141.607499 34.415582 -10.110086
141.725060 34.378475 -9.960444
>
140.876739 35.586513 -27.133443
140.835917 35.725394 -29.240167
140.769029 35.617871 -28.290447
140.876739 35.586513 -27.133443
>
139.367860 36.164701 -60.382649
139.365935 36.045378 -50.572540
139.459665 36.105336 -55.113802
139.367860 36.164701 -60.382649
>
141.218902 34.988563 -16.353740
141.175346 34.884454 -14.385023
141.277588 34.899405 -15.191799
141.218902 34.988563 -16.353740
>
141.025024 34.750732 -11.117216
140.992395 34.622373 -8.542353
141.102448 34.675549 -10.236909
141.025024 34.750732 -11.117216
>
140.459230 35.642263 -32.775863
140.581863 35.671296 -31.423968
140.494507 35.765390 -33.587497
140.459230 35.642263 -32.775863
>
139.495227 35.998261 -46.531898
139.469925 35.862101 -36.040200
139.588545 35.906418 -39.548974
139.495227 35.998261 -46.531898
>
139.882707 36.097650 -47.495354
139.978164 35.992929 -41.983399
140.023700 36.099994 -46.089206
139.882707 36.097650 -47.495354
>
141.369101 34.490010 -8.942605
141.450220 34.594807 -11.592740
141.334831 34.596542 -10.423170
141.369101 34.490010 -8.942605
>
139.574084 36.119998 -54.333689
139.496806 36.203192 -61.522371
139.459665 36.105336 -55.113802
139.574084 36.119998 -54.333689
>
140.394340 36.190207 -44.109982
140.283141 36.167165 -44.845370
140.357233 36.074573 -41.242062
140.394340 36.190207 -44.109982
>
140.507844 34.960163 -11.632903
140.386726 34.924000 -9.644392
140.481137 34.838575 -8.180393
140.507844 34.960163 -11.632903
>
140.416248 35.050017 -13.645536
140.447704 35.174498 -18.066204
140.323270 35.141708 -16.094042
140.416248 35.050017 -13.645536
>
140.005027 34.705385 -2.353388
140.085922 34.800926 -3.889834
139.961818 34.823989 -5.248029
140.005027 34.705385 -2.353388
>
140.292906 35.017340 -11.719592
140.170219 34.983714 -9.837238
140.262725 34.897247 -7.826436
140.292906 35.017340 -11.719592
>
139.754697 36.280174 -60.655263
139.726800 36.145526 -52.569270
139.848608 36.214303 -54.765420
139.754697 36.280174 -60.655263
>
140.670367 35.579018 -28.999580
140.777409 35.495289 -25.959151
140.769029 35.617871 -28.290447
140.670367 35.579018 -28.999580
>
141.526575 34.326678 -8.099782
141.645383 34.288685 -6.953278
141.607499 34.415582 -10.110086
141.526575 34.326678 -8.099782
>
139.469925 35.862101 -36.040200
139.362086 35.806732 -31.683926
139.467383 35.727289 -27.800670
139.469925 35.862101 -36.040200
>
140.283141 36.167165 -44.845370
140.235847 36.053664 -41.911523
140.357233 36.074573 -41.242062
140.283141 36.167165 -44.845370
>
140.085922 34.800926 -3.889834
140.042701 34.931001 -7.884202
139.961818 34.823989 -5.248029
140.085922 34.800926 -3.889834
>
140.416248 35.050017 -13.645536
140.323270 35.141708 -16.094042
140.292906 35.017340 -11.719592
140.416248 35.050017 -13.645536
>
140.111184 36.033140 -42.487659
140.235847 36.053664 -41.911523
140.148318 36.159618 -46.967151
140.111184 36.033140 -42.487659
>
139.938278 35.035055 -10.772999
139.835047 35.127871 -12.307306
139.796277 34.990941 -9.691650
139.938278 35.035055 -10.772999
>
139.364011 35.926055 -39.987491
139.469925 35.862101 -36.040200
139.495227 35.998261 -46.531898
139.364011 35.926055 -39.987491
>
140.355162 36.366779 -51.921212
140.291651 36.436064 -60.066716
140.263404 36.346420 -52.868040
140.355162 36.366779 -51.921212
>
139.332086 35.360903 -9.456134
139.465510 35.292096 -9.847343
139.423670 35.430739 -14.021522
139.332086 35.360903 -9.456134
>
140.981473 35.666654 -28.417014
141.009461 35.528924 -25.768052
141.091442 35.623021 -27.504859
140.981473 35.666654 -28.417014
>
140.386726 34.924000 -9.644392
140.416248 35.050017 -13.645536
140.292906 35.017340 -11.719592
140.386726 34.924000 -9.644392
>
139.606303 35.677711 -26.762693
139.471581 35.566986 -20.070983
139.604862 35.542215 -20.754346
139.606303 35.677711 -26.762693
>
139.336029 35.066968 -1.466094
139.338000 34.920000 -1.271688
139.456644 34.997288 -3.483894
139.336029 35.066968 -1.466094
>
141.357423 35.204113 -20.130658
141.223483 35.200233 -19.851607
141.284158 35.092976 -18.288638
141.357423 35.204113 -20.130658
>
141.390512 34.848375 -14.976034
141.358031 34.705419 -12.532195
141.480938 34.730909 -13.774338
141.390512 34.848375 -14.976034
>
139.338000 34.920000 -1.271688
139.471530 34.871972 -1.940226
139.456644 34.997288 -3.483894
139.338000 34.920000 -1.271688
>
139.680811 35.451529 -18.468416
139.719809 35.580533 -24.236188
139.604862 35.542215 -20.754346
139.680811 35.451529 -18.468416
>
139.796277 34.990941 -9.691650
139.831294 34.857347 -6.304410
139.915423 34.926705 -8.074406
139.796277 34.990941 -9.691650
>
140.854076 35.382988 -22.820464
140.932744 35.288760 -20.736370
140.973003 35.398926 -23.142227
140.854076 35.382988 -22.820464
>
140.777409 35.495289 -25.959151
140.854076 35.382988 -22.820464
140.898075 35.478564 -24.928435
140.777409 35.495289 -25.959151
>
140.835917 35.725394 -29.240167
140.702330 35.701495 -29.975658
140.769029 35.617871 -28.290447
140.835917 35.725394 -29.240167
>
140.143051 36.285075 -53.514696
140.148318 36.159618 -46.967151
140.237559 36.254221 -49.055632
140.143051 36.285075 -53.514696
>
139.569139 35.057618 -6.630326
139.456644 34.997288 -3.483894
139.568597 34.932205 -4.270740
139.569139 35.057618 -6.630326
>
140.528142 34.607755 -3.382154
140.652540 34.577636 -4.431143
140.608099 34.688637 -6.126468
140.528142 34.607755 -3.382154
>
141.419251 35.090698 -18.551428
141.357423 35.204113 -20.130658
141.284158 35.092976 -18.288638
141.419251 35.090698 -18.551428
>
141.645383 34.288685 -6.953278
141.725060 34.378475 -9.960444
141.607499 34.415582 -10.110086
141.645383 34.288685 -6.953278
>
140.471852 36.099685 -40.076777
140.357233 36.074573 -41.242062
140.438756 35.980566 -37.946499
140.471852 36.099685 -40.076777
>
139.672661 35.809937 -34.153446
139.588545 35.906418 -39.548974
139.558086 35.798922 -32.570077
139.672661 35.809937 -34.153446
>
140.111184 36.033140 -42.487659
140.148318 36.159618 -46.967151
140.023700 36.099994 -46.089206
140.111184 36.033140 -42.487659
>
141.248360 34.527005 -7.964339
141.369101 34.490010 -8.942605
141.334831 34.596542 -10.423170
141.248360 34.527005 -7.964339
>
140.903181 35.176347 -18.312346
141.011208 35.096069 -17.230203
141.001663 35.208886 -19.319920
140.903181 35.176347 -18.312346
>
139.899039 36.311929 -61.374164
139.754697 36.280174 -60.655263
139.848608 36.214303 -54.765420
139.899039 36.311929 -61.374164
>
139.938278 35.035055 -10.772999
139.796277 34.990941 -9.691650
139.915423 34.926705 -8.074406
139.938278 35.035055 -10.772999
>
139.456644 34.997288 -3.483894
139.471530 34.871972 -1.940226
139.568597 34.932205 -4.270740
139.456644 34.997288 -3.483894
>
139.365935 36.045378 -50.572540
139.495227 35.998261 -46.531898
139.459665 36.105336 -55.113802
139.365935 36.045378 -50.572540
>
140.325550 36.270707 -47.319115
140.355162 36.366779 -51.921212
140.263404 36.346420 -52.868040
140.325550 36.270707 -47.319115
>
141.101662 35.191408 -19.341665
141.164978 35.307382 -21.576927
141.047957 35.299238 -21.206864
141.101662 35.191408 -19.341665
>
141.450220 34.594807 -11.592740
141.488747 34.454694 -9.987445
141.572343 34.540235 -11.787994
141.450220 34.594807 -11.592740
>
140.553403 36.007078 -37.391575
140.471852 36.099685 -40.076777
140.438756 35.980566 -37.946499
140.553403 36.007078 -37.391575
>
139.588545 35.906418 -39.548974
139.469925 35.862101 -36.040200
139.558086 35.798922 -32.570077
139.588545 35.906418 -39.548974
>
141.099968 35.730231 -29.666227
140.981473 35.666654 -28.417014
141.091442 35.623021 -27.504859
141.099968 35.730231 -29.666227
>
141.094791 34.981316 -15.600608
141.218902 34.988563 -16.353740
141.141225 35.091048 -17.725231
141.094791 34.981316 -15.600608
>
141.009461 35.528924 -25.768052
140.876739 35.586513 -27.133443
140.898075 35.478564 -24.928435
141.009461 35.528924 -25.768052
>
140.357233 36.074573 -41.242062
140.319314 35.955782 -38.633886
140.438756 35.980566 -37.946499
140.357233 36.074573 -41.242062
>
141.025024 34.750732 -11.117216
140.932636 34.838120 -12.057415
140.923154 34.728105 -9.956464
141.025024 34.750732 -11.117216
>
139.471530 34.871972 -1.940226
139.605061 34.823945 -2.810045
139.568597 34.932205 -4.270740
139.471530 34.871972 -1.940226
>
141.143171 34.774979 -12.291314
141.025024 34.750732 -11.117216
141.102448 34.675549 -10.236909
141.143171 34.774979 -12.291314
>
140.932744 35.288760 -20.736370
140.903181 35.176347 -18.312346
141.001663 35.208886 -19.319920
140.932744 35.288760 -20.736370
>
139.568597 34.932205 -4.270740
139.703534 34.898643 -6.005413
139.651346 34.995082 -7.118073
139.568597 34.932205 -4.270740
>
140.085922 34.800926 -3.889834
140.213116 34.783101 -4.232931
140.154937 34.879198 -6.527925
140.085922 34.800926 -3.889834
>
139.978164 35.992929 -41.983399
140.111184 36.033140 -42.487659
140.023700 36.099994 -46.089206
139.978164 35.992929 -41.983399
>
140.283141 36.167165 -44.845370
140.325550 36.270707 -47.319115
140.237559 36.254221 -49.055632
140.283141 36.167165 -44.845370
>
139.719649 35.930060 -40.766692
139.847683 35.959265 -41.349366
139.764291 36.031025 -45.623561
139.719649 35.930060 -40.766692
>
141.686889 34.504725 -11.868843
141.649771 34.625721 -13.301151
141.572343 34.540235 -11.787994
141.686889 34.504725 -11.868843
>
139.342086 35.509513 -16.337694
139.332086 35.360903 -9.456134
139.423670 35.430739 -14.021522
139.342086 35.509513 -16.337694
>
140.319314 35.955782 -38.633886
140.405464 35.860228 -35.982513
140.438756 35.980566 -37.946499
140.319314 35.955782 -38.633886
>
140.491941 34.722041 -5.417318
140.608099 34.688637 -6.126468
140.571116 34.778578 -7.684763
140.491941 34.722041 -5.417318
>
140.672926 34.779849 -8.784744
140.595931 34.874037 -10.152907
140.571116 34.778578 -7.684763
140.672926 34.779849 -8.784744
>
140.702330 35.701495 -29.975658
140.670367 35.579018 -28.999580
140.769029 35.617871 -28.290447
140.702330 35.701495 -29.975658
>
139.699021 35.095882 -9.952097
139.569139 35.057618 -6.630326
139.651346 34.995082 -7.118073
139.699021 35.095882 -9.952097
>
141.175346 34.884454 -14.385023
141.265412 34.796760 -13.430267
141.277588 34.899405 -15.191799
141.175346 34.884454 -14.385023
>
140.386726 34.924000 -9.644392
140.292906 35.017340 -11.719592
140.262725 34.897247 -7.826436
140.386726 34.924000 -9.644392
>
140.042701 34.931001 -7.884202
139.938278 35.035055 -10.772999
139.915423 34.926705 -8.074406
140.042701 34.931001 -7.884202
>
140.213116 34.783101 -4.232931
140.262725 34.897247 -7.826436
140.154937 34.879198 -6.527925
140.213116 34.783101 -4.232931
>
141.601541 34.737975 -14.446043
141.480938 34.730909 -13.774338
141.550933 34.645879 -13.052148
141.601541 34.737975 -14.446043
>
139.469925 35.862101 -36.040200
139.467383 35.727289 -27.800670
139.558086 35.798922 -32.570077
139.469925 35.862101 -36.040200
>
139.719649 35.930060 -40.766692
139.764291 36.031025 -45.623561
139.644766 36.021881 -46.788511
139.719649 35.930060 -40.766692
>
141.649771 34.625721 -13.301151
141.601541 34.737975 -14.446043
141.550933 34.645879 -13.052148
141.649771 34.625721 -13.301151
>
139.831294 34.857347 -6.304410
139.961818 34.823989 -5.248029
139.915423 34.926705 -8.074406
139.831294 34.857347 -6.304410
>
139.588545 35.906418 -39.548974
139.719649 35.930060 -40.766692
139.644766 36.021881 -46.788511
139.588545 35.906418 -39.548974
>
140.325550 36.270707 -47.319115
140.263404 36.346420 -52.868040
140.237559 36.254221 -49.055632
140.325550 36.270707 -47.319115
>
140.854076 35.382988 -22.820464
140.973003 35.398926 -23.142227
140.898075 35.478564 -24.928435
140.854076 35.382988 -22.820464
>
141.450220 34.594807 -11.592740
141.572343 34.540235 -11.787994
141.550933 34.645879 -13.052148
141.450220 34.594807 -11.592740
>
140.973003 35.398926 -23.142227
141.009461 35.528924 -25.768052
140.898075 35.478564 -24.928435
140.973003 35.398926 -23.142227
>
141.572343 34.540235 -11.787994
141.649771 34.625721 -13.301151
141.550933 34.645879 -13.052148
141.572343 34.540235 -11.787994
>
139.961818 34.823989 -5.248029
140.042701 34.931001 -7.884202
139.915423 34.926705 -8.074406
139.961818 34.823989 -5.248029
>
141.047957 35.299238 -21.206864
140.932744 35.288760 -20.736370
141.001663 35.208886 -19.319920
141.047957 35.299238 -21.206864
>
140.608099 34.688637 -6.126468
140.672926 34.779849 -8.784744
140.571116 34.778578 -7.684763
140.608099 34.688637 -6.126468
>
141.101662 35.191408 -19.341665
141.047957 35.299238 -21.206864
141.001663 35.208886 -19.319920
141.101662 35.191408 -19.341665
>
140.262725 34.897247 -7.826436
140.170219 34.983714 -9.837238
140.154937 34.879198 -6.527925
140.262725 34.897247 -7.826436
>
139.569139 35.057618 -6.630326
139.568597 34.932205 -4.270740
139.651346 34.995082 -7.118073
139.569139 35.057618 -6.630326
>
139.313298 35.105794 -1.408570
139.322692 35.233348 -4.061486
139.250964 35.180075 -1.136949
139.313298 35.105794 -1.408570
>
139.154272 35.916142 -38.548451
139.262330 35.983530 -44.085534
139.130655 36.019199 -46.784691
139.154272 35.916142 -38.548451
>
139.262330 35.983530 -44.085534
139.203601 36.086834 -53.358320
139.130655 36.019199 -46.784691
139.262330 35.983530 -44.085534
>
139.250964 35.180075 -1.136949
139.322692 35.233348 -4.061486
139.257428 35.303536 -4.774593
139.250964 35.180075 -1.136949
>
139.352086 35.658122 -23.448450
139.186388 35.679328 -24.379556
139.216534 35.546557 -17.346861
139.352086 35.658122 -23.448450
>
139.188629 35.254355 -0.917847
139.250964 35.180075 -1.136949
139.257428 35.303536 -4.774593
139.188629 35.254355 -0.917847
>
139.058464 35.862579 -35.566971
139.043081 35.716444 -27.288982
139.160835 35.800451 -31.252648
139.058464 35.862579 -35.566971
>
139.186388 35.679328 -24.379556
139.352086 35.658122 -23.448450
139.264033 35.762141 -28.815838
139.186388 35.679328 -24.379556
>
139.154272 35.916142 -38.548451
139.258772 35.866072 -35.047431
139.262330 35.983530 -44.085534
139.154272 35.916142 -38.548451
>
139.362086 35.806732 -31.683926
139.364011 35.926055 -39.987491
139.258772 35.866072 -35.047431
139.362086 35.806732 -31.683926
>
139.253709 35.440818 -12.176850
139.175198 35.355989 -6.656998
139.257428 35.303536 -4.774593
139.253709 35.440818 -12.176850
>
139.043081 35.716444 -27.288982
139.027699 35.570309 -19.611426
139.119633 35.599014 -20.376988
139.043081 35.716444 -27.288982
>
139.322692 35.233348 -4.061486
139.332086 35.360903 -9.456134
139.257428 35.303536 -4.774593
139.322692 35.233348 -4.061486
>
139.352086 35.658122 -23.448450
139.362086 35.806732 -31.683926
139.264033 35.762141 -28.815838
139.352086 35.658122 -23.448450
>
139.160835 35.800451 -31.252648
139.043081 35.716444 -27.288982
139.186388 35.679328 -24.379556
139.160835 35.800451 -31.252648
>
139.342086 35.509513 -16.337694
139.352086 35.658122 -23.448450
139.216534 35.546557 -17.346861
139.342086 35.509513 -16.337694
>
139.258772 35.866072 -35.047431
139.364011 35.926055 -39.987491
139.262330 35.983530 -44.085534
139.258772 35.866072 -35.047431
>
139.260842 36.166434 -61.264822
139.153825 36.168168 -61.041420
139.203601 36.086834 -53.358320
139.260842 36.166434 -61.264822
>
139.364011 35.926055 -39.987491
139.365935 36.045378 -50.572540
139.262330 35.983530 -44.085534
139.364011 35.926055 -39.987491
>
139.094314 35.301178 -3.725075
139.188629 35.254355 -0.917847
139.175198 35.355989 -6.656998
139.094314 35.301178 -3.725075
>
139.054578 35.965020 -42.663427
139.058464 35.862579 -35.566971
139.154272 35.916142 -38.548451
139.054578 35.965020 -42.663427
>
139.332086 35.360903 -9.456134
139.253709 35.440818 -12.176850
139.257428 35.303536 -4.774593
139.332086 35.360903 -9.456134
>
139.362086 35.806732 -31.683926
139.258772 35.866072 -35.047431
139.264033 35.762141 -28.815838
139.362086 35.806732 -31.683926
>
139.013849 35.459154 -11.571185
139.000000 35.348000 -5.542876
139.092091 35.399526 -9.036800
139.013849 35.459154 -11.571185
>
139.027699 35.570309 -19.611426
139.013849 35.459154 -11.571185
139.107500 35.504592 -15.141237
139.027699 35.570309 -19.611426
>
139.000000 35.348000 -5.542876
139.094314 35.301178 -3.725075
139.092091 35.399526 -9.036800
139.000000 35.348000 -5.542876
>
139.216534 35.546557 -17.346861
139.107500 35.504592 -15.141237
139.165014 35.436522 -11.359801
139.216534 35.546557 -17.346861
>
139.332086 35.360903 -9.456134
139.342086 35.509513 -16.337694
139.253709 35.440818 -12.176850
139.332086 35.360903 -9.456134
>
139.054578 35.965020 -42.663427
139.154272 35.916142 -38.548451
139.130655 36.019199 -46.784691
139.054578 35.965020 -42.663427
>
139.253709 35.440818 -12.176850
139.216534 35.546557 -17.346861
139.165014 35.436522 -11.359801
139.253709 35.440818 -12.176850
>
139.365935 36.045378 -50.572540
139.367860 36.164701 -60.382649
139.291072 36.086977 -54.044764
139.365935 36.045378 -50.572540
>
139.153825 36.168168 -61.041420
139.046807 36.169901 -60.229227
139.122882 36.096694 -53.743063
139.153825 36.168168 -61.041420
>
139.160835 35.800451 -31.252648
139.186388 35.679328 -24.379556
139.264033 35.762141 -28.815838
139.160835 35.800451 -31.252648
>
139.367860 36.164701 -60.382649
139.260842 36.166434 -61.264822
139.291072 36.086977 -54.044764
139.367860 36.164701 -60.382649
>
139.046807 36.169901 -60.229227
139.050693 36.067460 -51.082697
139.122882 36.096694 -53.743063
139.046807 36.169901 -60.229227
>
139.050693 36.067460 -51.082697
139.054578 35.965020 -42.663427
139.130655 36.019199 -46.784691
139.050693 36.067460 -51.082697
>
139.154272 35.916142 -38.548451
139.160835 35.800451 -31.252648
139.258772 35.866072 -35.047431
139.154272 35.916142 -38.548451
>
139.203601 36.086834 -53.358320
139.262330 35.983530 -44.085534
139.291072 36.086977 -54.044764
139.203601 36.086834 -53.358320
>
139.258772 35.866072 -35.047431
139.160835 35.800451 -31.252648
139.264033 35.762141 -28.815838
139.258772 35.866072 -35.047431
>
139.154272 35.916142 -38.548451
139.058464 35.862579 -35.566971
139.160835 35.800451 -31.252648
139.154272 35.916142 -38.548451
>
139.262330 35.983530 -44.085534
139.365935 36.045378 -50.572540
139.291072 36.086977 -54.044764
139.262330 35.983530 -44.085534
>
139.175198 35.355989 -6.656998
139.188629 35.254355 -0.917847
139.257428 35.303536 -4.774593
139.175198 35.355989 -6.656998
>
139.107500 35.504592 -15.141237
139.013849 35.459154 -11.571185
139.092091 35.399526 -9.036800
139.107500 35.504592 -15.141237
>
139.094314 35.301178 -3.725075
139.175198 35.355989 -6.656998
139.092091 35.399526 -9.036800
139.094314 35.301178 -3.725075
>
139.186388 35.679328 -24.379556
139.043081 35.716444 -27.288982
139.119633 35.599014 -20.376988
139.186388 35.679328 -24.379556
>
139.203601 36.086834 -53.358320
139.153825 36.168168 -61.041420
139.122882 36.096694 -53.743063
139.203601 36.086834 -53.358320
>
139.253709 35.440818 -12.176850
139.342086 35.509513 -16.337694
139.216534 35.546557 -17.346861
139.253709 35.440818 -12.176850
>
139.260842 36.166434 -61.264822
139.203601 36.086834 -53.358320
139.291072 36.086977 -54.044764
139.260842 36.166434 -61.264822
>
139.107500 35.504592 -15.141237
139.216534 35.546557 -17.346861
139.119633 35.599014 -20.376988
139.107500 35.504592 -15.141237
>
139.027699 35.570309 -19.611426
139.107500 35.504592 -15.141237
139.119633 35.599014 -20.376988
139.027699 35.570309 -19.611426
>
139.175198 35.355989 -6.656998
139.253709 35.440818 -12.176850
139.165014 35.436522 -11.359801
139.175198 35.355989 -6.656998
>
139.216534 35.546557 -17.346861
139.186388 35.679328 -24.379556
139.119633 35.599014 -20.376988
139.216534 35.546557 -17.346861
>
139.130655 36.019199 -46.784691
139.203601 36.086834 -53.358320
139.122882 36.096694 -53.743063
139.130655 36.019199 -46.784691
>
139.050693 36.067460 -51.082697
139.130655 36.019199 -46.784691
139.122882 36.096694 -53.743063
139.050693 36.067460 -51.082697
>
139.107500 35.504592 -15.141237
139.092091 35.399526 -9.036800
139.165014 35.436522 -11.359801
139.107500 35.504592 -15.141237
>
139.092091 35.399526 -9.036800
139.175198 35.355989 -6.656998
139.165014 35.436522 -11.359801
139.092091 35.399526 -9.036800
>
138.954568 36.006505 -47.412327
138.823623 36.019052 -51.494898
138.883869 35.917055 -42.721081
138.954568 36.006505 -47.412327
>
138.464495 35.806292 -52.074898
138.404551 35.730771 -47.215974
138.488986 35.709552 -41.444416
138.464495 35.806292 -52.074898
>
138.464495 35.806292 -52.074898
138.488986 35.709552 -41.444416
138.555904 35.769753 -44.208257
138.464495 35.806292 -52.074898
>
138.533788 35.550778 -24.210102
138.441162 35.559776 -29.848914
138.516114 35.483545 -20.958784
138.533788 35.550778 -24.210102
>
138.722406 35.460360 -11.474721
138.808108 35.383812 -6.138320
138.836824 35.478612 -11.043352
138.722406 35.460360 -11.474721
>
138.551229 35.398277 -15.730775
138.606243 35.493204 -17.095864
138.516114 35.483545 -20.958784
138.551229 35.398277 -15.730775
>
138.823623 36.019052 -51.494898
138.954568 36.006505 -47.412327
138.899224 36.078583 -53.758512
138.823623 36.019052 -51.494898
>
138.770440 35.544450 -16.983016
138.722406 35.460360 -11.474721
138.836824 35.478612 -11.043352
138.770440 35.544450 -16.983016
>
138.606243 35.493204 -17.095864
138.551229 35.398277 -15.730775
138.641885 35.407222 -11.532676
138.606243 35.493204 -17.095864
>
139.043081 35.716444 -27.288982
139.058464 35.862579 -35.566971
138.949779 35.825626 -34.896715
139.043081 35.716444 -27.288982
>
138.715786 35.881121 -46.117251
138.816978 35.812102 -37.643046
138.785739 35.939331 -47.492505
138.715786 35.881121 -46.117251
>
138.628050 35.919365 -52.723072
138.545234 35.959563 -61.030835
138.546393 35.858366 -52.479371
138.628050 35.919365 -52.723072
>
138.404551 35.730771 -47.215974
138.464495 35.806292 -52.074898
138.394057 35.807252 -55.174214
138.404551 35.730771 -47.215974
>
138.710468 35.352196 -7.211063
138.808108 35.383812 -6.138320
138.722406 35.460360 -11.474721
138.710468 35.352196 -7.211063
>
138.816978 35.812102 -37.643046
138.949779 35.825626 -34.896715
138.883869 35.917055 -42.721081
138.816978 35.812102 -37.643046
>
139.027699 35.570309 -19.611426
139.043081 35.716444 -27.288982
138.938801 35.636839 -23.957589
139.027699 35.570309 -19.611426
>
138.628050 35.919365 -52.723072
138.546393 35.858366 -52.479371
138.633059 35.828147 -45.677353
138.628050 35.919365 -52.723072
>
138.816978 35.812102 -37.643046
138.883869 35.917055 -42.721081
138.785739 35.939331 -47.492505
138.816978 35.812102 -37.643046
>
138.949779 35.825626 -34.896715
138.816978 35.812102 -37.643046
138.916619 35.730939 -29.636877
138.949779 35.825626 -34.896715
>
138.816978 35.812102 -37.643046
138.835182 35.685294 -27.900299
138.916619 35.730939 -29.636877
138.816978 35.812102 -37.643046
>
138.927451 35.526463 -15.812693
138.847845 35.591571 -20.824842
138.836824 35.478612 -11.043352
138.927451 35.526463 -15.812693
>
138.545234 35.959563 -61.030835
138.471622 35.904989 -60.552946
138.546393 35.858366 -52.479371
138.545234 35.959563 -61.030835
>
138.633059 35.828147 -45.677353
138.546393 35.858366 -52.479371
138.555904 35.769753 -44.208257
138.633059 35.828147 -45.677353
>
138.847845 35.591571 -20.824842
138.770440 35.544450 -16.983016
138.836824 35.478612 -11.043352
138.847845 35.591571 -20.824842
>
138.954568 36.006505 -47.412327
138.883869 35.917055 -42.721081
138.979660 35.914639 -40.145959
138.954568 36.006505 -47.412327
>
138.949779 35.825626 -34.896715
139.058464 35.862579 -35.566971
138.979660 35.914639 -40.145959
138.949779 35.825626 -34.896715
>
138.487390 35.248942 -16.943491
138.564695 35.177521 -10.225647
138.601992 35.246143 -9.247067
138.487390 35.248942 -16.943491
>
138.680000 35.250000 -5.302437
138.786667 35.282667 -3.618204
138.710468 35.352196 -7.211063
138.680000 35.250000 -5.302437
>
138.710468 35.352196 -7.211063
138.786667 35.282667 -3.618204
138.808108 35.383812 -6.138320
138.710468 35.352196 -7.211063
>
138.546748 35.312332 -14.232510
138.487390 35.248942 -16.943491
138.601992 35.246143 -9.247067
138.546748 35.312332 -14.232510
>
138.633059 35.828147 -45.677353
138.555904 35.769753 -44.208257
138.646126 35.742096 -37.330003
138.633059 35.828147 -45.677353
>
139.013849 35.459154 -11.571185
139.027699 35.570309 -19.611426
138.927451 35.526463 -15.812693
139.013849 35.459154 -11.571185
>
138.823623 36.019052 -51.494898
138.717840 36.076326 -59.528241
138.707288 35.977051 -52.744583
138.823623 36.019052 -51.494898
>
138.786667 35.282667 -3.618204
138.893333 35.315333 -3.839411
138.808108 35.383812 -6.138320
138.786667 35.282667 -3.618204
>
138.546393 35.858366 -52.479371
138.464495 35.806292 -52.074898
138.555904 35.769753 -44.208257
138.546393 35.858366 -52.479371
>
138.551229 35.398277 -15.730775
138.546748 35.312332 -14.232510
138.623743 35.329116 -10.162303
138.551229 35.398277 -15.730775
>
139.000000 35.348000 -5.542876
139.013849 35.459154 -11.571185
138.913709 35.416918 -7.444342
139.000000 35.348000 -5.542876
>
138.471622 35.904989 -60.552946
138.392934 35.865645 -61.213421
138.464495 35.806292 -52.074898
138.471622 35.904989 -60.552946
>
138.927451 35.526463 -15.812693
139.027699 35.570309 -19.611426
138.938801 35.636839 -23.957589
138.927451 35.526463 -15.812693
>
138.893333 35.315333 -3.839411
139.000000 35.348000 -5.542876
138.913709 35.416918 -7.444342
138.893333 35.315333 -3.839411
>
138.717840 36.076326 -59.528241
138.618845 36.014137 -60.155461
138.707288 35.977051 -52.744583
138.717840 36.076326 -59.528241
>
138.816835 36.138515 -60.377269
138.717840 36.076326 -59.528241
138.823623 36.019052 -51.494898
138.816835 36.138515 -60.377269
>
138.606243 35.493204 -17.095864
138.533788 35.550778 -24.210102
138.516114 35.483545 -20.958784
138.606243 35.493204 -17.095864
>
138.641885 35.407222 -11.532676
138.551229 35.398277 -15.730775
138.623743 35.329116 -10.162303
138.641885 35.407222 -11.532676
>
138.508806 35.622905 -31.796617
138.596617 35.594461 -24.987522
138.577302 35.682317 -34.525536
138.508806 35.622905 -31.796617
>
138.404551 35.730771 -47.215974
138.422856 35.645274 -38.086266
138.488986 35.709552 -41.444416
138.404551 35.730771 -47.215974
>
138.422856 35.645274 -38.086266
138.441162 35.559776 -29.848914
138.508806 35.622905 -31.796617
138.422856 35.645274 -38.086266
>
138.667377 35.655134 -28.420726
138.758939 35.629278 -24.355792
138.739090 35.720222 -32.328479
138.667377 35.655134 -28.420726
>
138.618845 36.014137 -60.155461
138.545234 35.959563 -61.030835
138.628050 35.919365 -52.723072
138.618845 36.014137 -60.155461
>
139.013849 35.459154 -11.571185
138.927451 35.526463 -15.812693
138.913709 35.416918 -7.444342
139.013849 35.459154 -11.571185
>
138.808108 35.383812 -6.138320
138.893333 35.315333 -3.839411
138.913709 35.416918 -7.444342
138.808108 35.383812 -6.138320
>
138.471622 35.904989 -60.552946
138.464495 35.806292 -52.074898
138.546393 35.858366 -52.479371
138.471622 35.904989 -60.552946
>
138.770440 35.544450 -16.983016
138.686187 35.562428 -19.766782
138.722406 35.460360 -11.474721
138.770440 35.544450 -16.983016
>
138.938801 35.636839 -23.957589
138.835182 35.685294 -27.900299
138.847845 35.591571 -20.824842
138.938801 35.636839 -23.957589
>
138.451376 35.429421 -22.080681
138.469383 35.339182 -19.198094
138.551229 35.398277 -15.730775
138.451376 35.429421 -22.080681
>
139.054578 35.965020 -42.663427
139.050693 36.067460 -51.082697
138.954568 36.006505 -47.412327
139.054578 35.965020 -42.663427
>
138.628050 35.919365 -52.723072
138.633059 35.828147 -45.677353
138.715786 35.881121 -46.117251
138.628050 35.919365 -52.723072
>
138.816978 35.812102 -37.643046
138.715786 35.881121 -46.117251
138.709941 35.797427 -39.849931
138.816978 35.812102 -37.643046
>
138.758939 35.629278 -24.355792
138.686187 35.562428 -19.766782
138.770440 35.544450 -16.983016
138.758939 35.629278 -24.355792
>
138.422856 35.645274 -38.086266
138.508806 35.622905 -31.796617
138.488986 35.709552 -41.444416
138.422856 35.645274 -38.086266
>
138.469383 35.339182 -19.198094
138.487390 35.248942 -16.943491
138.546748 35.312332 -14.232510
138.469383 35.339182 -19.198094
>
138.508806 35.622905 -31.796617
138.441162 35.559776 -29.848914
138.533788 35.550778 -24.210102
138.508806 35.622905 -31.796617
>
138.508806 35.622905 -31.796617
138.577302 35.682317 -34.525536
138.488986 35.709552 -41.444416
138.508806 35.622905 -31.796617
>
138.508806 35.622905 -31.796617
138.533788 35.550778 -24.210102
138.596617 35.594461 -24.987522
138.508806 35.622905 -31.796617
>
138.596617 35.594461 -24.987522
138.533788 35.550778 -24.210102
138.606243 35.493204 -17.095864
138.596617 35.594461 -24.987522
>
138.722406 35.460360 -11.474721
138.686187 35.562428 -19.766782
138.606243 35.493204 -17.095864
138.722406 35.460360 -11.474721
>
138.577302 35.682317 -34.525536
138.596617 35.594461 -24.987522
138.667377 35.655134 -28.420726
138.577302 35.682317 -34.525536
>
138.739090 35.720222 -32.328479
138.835182 35.685294 -27.900299
138.816978 35.812102 -37.643046
138.739090 35.720222 -32.328479
>
138.667377 35.655134 -28.420726
138.686187 35.562428 -19.766782
138.758939 35.629278 -24.355792
138.667377 35.655134 -28.420726
>
138.883869 35.917055 -42.721081
138.823623 36.019052 -51.494898
138.785739 35.939331 -47.492505
138.883869 35.917055 -42.721081
>
138.739090 35.720222 -32.328479
138.758939 35.629278 -24.355792
138.835182 35.685294 -27.900299
138.739090 35.720222 -32.328479
>
138.667377 35.655134 -28.420726
138.596617 35.594461 -24.987522
138.686187 35.562428 -19.766782
138.667377 35.655134 -28.420726
>
138.686187 35.562428 -19.766782
138.596617 35.594461 -24.987522
138.606243 35.493204 -17.095864
138.686187 35.562428 -19.766782
>
138.551229 35.398277 -15.730775
138.469383 35.339182 -19.198094
138.546748 35.312332 -14.232510
138.551229 35.398277 -15.730775
>
138.488986 35.709552 -41.444416
138.577302 35.682317 -34.525536
138.555904 35.769753 -44.208257
138.488986 35.709552 -41.444416
>
138.823623 36.019052 -51.494898
138.707288 35.977051 -52.744583
138.785739 35.939331 -47.492505
138.823623 36.019052 -51.494898
>
138.392934 35.865645 -61.213421
138.314246 35.826301 -60.580758
138.394057 35.807252 -55.174214
138.392934 35.865645 -61.213421
>
138.667377 35.655134 -28.420726
138.739090 35.720222 -32.328479
138.646126 35.742096 -37.330003
138.667377 35.655134 -28.420726
>
138.555904 35.769753 -44.208257
138.577302 35.682317 -34.525536
138.646126 35.742096 -37.330003
138.555904 35.769753 -44.208257
>
138.883869 35.917055 -42.721081
138.949779 35.825626 -34.896715
138.979660 35.914639 -40.145959
138.883869 35.917055 -42.721081
>
139.046807 36.169901 -60.229227
138.931821 36.154208 -58.926691
138.976002 36.089931 -53.410797
139.046807 36.169901 -60.229227
>
138.618845 36.014137 -60.155461
138.628050 35.919365 -52.723072
138.707288 35.977051 -52.744583
138.618845 36.014137 -60.155461
>
138.927451 35.526463 -15.812693
138.938801 35.636839 -23.957589
138.847845 35.591571 -20.824842
138.927451 35.526463 -15.812693
>
139.054578 35.965020 -42.663427
138.954568 36.006505 -47.412327
138.979660 35.914639 -40.145959
139.054578 35.965020 -42.663427
>
138.938801 35.636839 -23.957589
139.043081 35.716444 -27.288982
138.916619 35.730939 -29.636877
138.938801 35.636839 -23.957589
>
138.835182 35.685294 -27.900299
138.758939 35.629278 -24.355792
138.847845 35.591571 -20.824842
138.835182 35.685294 -27.900299
>
139.058464 35.862579 -35.566971
139.054578 35.965020 -42.663427
138.979660 35.914639 -40.145959
139.058464 35.862579 -35.566971
>
138.628050 35.919365 -52.723072
138.715786 35.881121 -46.117251
138.707288 35.977051 -52.744583
138.628050 35.919365 -52.723072
>
139.050693 36.067460 -51.082697
139.046807 36.169901 -60.229227
138.976002 36.089931 -53.410797
139.050693 36.067460 -51.082697
>
138.722406 35.460360 -11.474721
138.606243 35.493204 -17.095864
138.641885 35.407222 -11.532676
138.722406 35.460360 -11.474721
>
138.835182 35.685294 -27.900299
138.938801 35.636839 -23.957589
138.916619 35.730939 -29.636877
138.835182 35.685294 -27.900299
>
138.758939 35.629278 -24.355792
138.770440 35.544450 -16.983016
138.847845 35.591571 -20.824842
138.758939 35.629278 -24.355792
>
138.680000 35.250000 -5.302437
138.710468 35.352196 -7.211063
138.623743 35.329116 -10.162303
138.680000 35.250000 -5.302437
>
138.577302 35.682317 -34.525536
138.667377 35.655134 -28.420726
138.646126 35.742096 -37.330003
138.577302 35.682317 -34.525536
>
138.710468 35.352196 -7.211063
138.722406 35.460360 -11.474721
138.641885 35.407222 -11.532676
138.710468 35.352196 -7.211063
>
138.646126 35.742096 -37.330003
138.739090 35.720222 -32.328479
138.709941 35.797427 -39.849931
138.646126 35.742096 -37.330003
>
139.043081 35.716444 -27.288982
138.949779 35.825626 -34.896715
138.916619 35.730939 -29.636877
139.043081 35.716444 -27.288982
>
138.931821 36.154208 -58.926691
138.816835 36.138515 -60.377269
138.899224 36.078583 -53.758512
138.931821 36.154208 -58.926691
>
138.739090 35.720222 -32.328479
138.816978 35.812102 -37.643046
138.709941 35.797427 -39.849931
138.739090 35.720222 -32.328479
>
138.913709 35.416918 -7.444342
138.927451 35.526463 -15.812693
138.836824 35.478612 -11.043352
138.913709 35.416918 -7.444342
>
138.816835 36.138515 -60.377269
138.823623 36.019052 -51.494898
138.899224 36.078583 -53.758512
138.816835 36.138515 -60.377269
>
138.633059 35.828147 -45.677353
138.646126 35.742096 -37.330003
138.709941 35.797427 -39.849931
138.633059 35.828147 -45.677353
>
138.464495 35.806292 -52.074898
138.392934 35.865645 -61.213421
138.394057 35.807252 -55.174214
138.464495 35.806292 -52.074898
>
138.808108 35.383812 -6.138320
138.913709 35.416918 -7.444342
138.836824 35.478612 -11.043352
138.808108 35.383812 -6.138320
>
138.707288 35.977051 -52.744583
138.715786 35.881121 -46.117251
138.785739 35.939331 -47.492505
138.707288 35.977051 -52.744583
>
138.451376 35.429421 -22.080681
138.551229 35.398277 -15.730775
138.516114 35.483545 -20.958784
138.451376 35.429421 -22.080681
>
138.715786 35.881121 -46.117251
138.633059 35.828147 -45.677353
138.709941 35.797427 -39.849931
138.715786 35.881121 -46.117251
>
138.680000 35.250000 -5.302437
138.623743 35.329116 -10.162303
138.601992 35.246143 -9.247067
138.680000 35.250000 -5.302437
>
138.954568 36.006505 -47.412327
139.050693 36.067460 -51.082697
138.976002 36.089931 -53.410797
138.954568 36.006505 -47.412327
>
138.623743 35.329116 -10.162303
138.546748 35.312332 -14.232510
138.601992 35.246143 -9.247067
138.623743 35.329116 -10.162303
>
138.710468 35.352196 -7.211063
138.641885 35.407222 -11.532676
138.623743 35.329116 -10.162303
138.710468 35.352196 -7.211063
>
138.899224 36.078583 -53.758512
138.954568 36.006505 -47.412327
138.976002 36.089931 -53.410797
138.899224 36.078583 -53.758512
>
138.931821 36.154208 -58.926691
138.899224 36.078583 -53.758512
138.976002 36.089931 -53.410797
138.931821 36.154208 -58.926691
>
138.314246 35.826301 -60.580758
138.404551 35.730771 -47.215974
138.394057 35.807252 -55.174214
138.314246 35.826301 -60.580758
>
138.441162 35.559776 -29.848914
138.451376 35.429421 -22.080681
138.516114 35.483545 -20.958784
138.441162 35.559776 -29.848914
>
138.642000 35.106100 -0.990736
138.680000 35.250000 -5.302437
138.601992 35.246143 -9.247067
138.642000 35.106100 -0.990736
>
138.564695 35.177521 -10.225647
138.642000 35.106100 -0.990736
138.601992 35.246143 -9.247067
138.564695 35.177521 -10.225647
