>
143.072692 42.910620 -82.625560
143.036685 42.316727 -49.577599
143.594167 42.392823 -49.538403
143.072692 42.910620 -82.625560
>
143.703630 42.944724 -81.380576
143.072692 42.910620 -82.625560
143.594167 42.392823 -49.538403
143.703630 42.944724 -81.380576
>
143.036685 42.316727 -49.577599
143.072692 42.910620 -82.625560
142.697540 42.808305 -81.650973
143.036685 42.316727 -49.577599
>
148.571029 44.204888 -42.409792
148.729320 43.381928 -13.135999
149.068484 44.098044 -20.131441
148.571029 44.204888 -42.409792
>
148.061543 43.790104 -41.568947
147.421045 44.206599 -81.992666
147.499783 43.421235 -31.108922
148.061543 43.790104 -41.568947
>
148.729320 43.381928 -13.135999
148.571029 44.204888 -42.409792
148.061543 43.790104 -41.568947
148.729320 43.381928 -13.135999
>
148.051982 44.445332 -79.790511
147.421045 44.206599 -81.992666
148.061543 43.790104 -41.568947
148.051982 44.445332 -79.790511
>
144.832321 42.591713 -40.063618
144.986846 41.885552 -18.871249
145.531010 42.313421 -19.002670
144.832321 42.591713 -40.063618
>
146.186233 42.792531 -20.203683
145.495961 42.980570 -41.112533
145.531010 42.313421 -19.002670
146.186233 42.792531 -20.203683
>
145.495961 42.980570 -41.112533
144.832321 42.591713 -40.063618
145.531010 42.313421 -19.002670
145.495961 42.980570 -41.112533
>
146.115016 42.027286 -10.587697
146.186233 42.792531 -20.203683
145.531010 42.313421 -19.002670
146.115016 42.027286 -10.587697
>
148.095585 43.084267 -14.788738
148.061543 43.790104 -41.568947
147.499783 43.421235 -31.108922
148.095585 43.084267 -14.788738
>
148.729320 43.381928 -13.135999
149.387088 43.737738 -10.896874
149.068484 44.098044 -20.131441
148.729320 43.381928 -13.135999
>
143.443646 41.738414 -30.916557
144.043379 41.224357 -16.211685
144.057664 41.881246 -32.121129
143.443646 41.738414 -30.916557
>
145.495961 42.980570 -41.112533
144.931400 43.302824 -81.569554
144.832321 42.591713 -40.063618
145.495961 42.980570 -41.112533
>
146.497348 43.458464 -42.456378
146.186233 42.792531 -20.203683
146.918221 43.042894 -18.081571
146.497348 43.458464 -42.456378
>
144.461120 40.773660 -8.429378
144.982390 41.171590 -6.892071
144.505229 41.510189 -17.324431
144.461120 40.773660 -8.429378
>
144.043379 41.224357 -16.211685
144.461120 40.773660 -8.429378
144.505229 41.510189 -17.324431
144.043379 41.224357 -16.211685
>
148.095585 43.084267 -14.788738
148.729320 43.381928 -13.135999
148.061543 43.790104 -41.568947
148.095585 43.084267 -14.788738
>
144.986846 41.885552 -18.871249
144.832321 42.591713 -40.063618
144.499974 42.124732 -33.720220
144.986846 41.885552 -18.871249
>
144.982390 41.171590 -6.892071
145.569683 41.602876 -8.319575
144.986846 41.885552 -18.871249
144.982390 41.171590 -6.892071
>
146.186233 42.792531 -20.203683
146.497348 43.458464 -42.456378
145.966568 43.324324 -48.742736
146.186233 42.792531 -20.203683
>
143.443646 41.738414 -30.916557
144.057664 41.881246 -32.121129
143.594167 42.392823 -49.538403
143.443646 41.738414 -30.916557
>
146.115016 42.027286 -10.587697
146.779507 42.400754 -10.854238
146.186233 42.792531 -20.203683
146.115016 42.027286 -10.587697
>
144.931400 43.302824 -81.569554
144.334567 43.098196 -80.963168
144.832321 42.591713 -40.063618
144.931400 43.302824 -81.569554
>
149.501433 45.621945 -81.904525
148.938705 45.315003 -81.450549
149.451702 45.038771 -49.778487
149.501433 45.621945 -81.904525
>
144.057664 41.881246 -32.121129
144.161579 42.508754 -53.148713
143.594167 42.392823 -49.538403
144.057664 41.881246 -32.121129
>
143.036685 42.316727 -49.577599
143.443646 41.738414 -30.916557
143.594167 42.392823 -49.538403
143.036685 42.316727 -49.577599
>
147.449021 42.745782 -10.905736
148.095585 43.084267 -14.788738
147.499783 43.421235 -31.108922
147.449021 42.745782 -10.905736
>
144.334567 43.098196 -80.963168
143.703630 42.944724 -81.380576
144.161579 42.508754 -53.148713
144.334567 43.098196 -80.963168
>
149.387088 43.737738 -10.896874
150.115045 44.080193 -10.825979
149.591744 44.444703 -22.271028
149.387088 43.737738 -10.896874
>
149.944794 45.877731 -81.467653
149.501433 45.621945 -81.904525
149.757410 45.306397 -55.932995
149.944794 45.877731 -81.467653
>
150.150569 45.408970 -49.803564
149.944794 45.877731 -81.467653
149.757410 45.306397 -55.932995
150.150569 45.408970 -49.803564
>
145.528232 43.558609 -80.502704
144.931400 43.302824 -81.569554
145.495961 42.980570 -41.112533
145.528232 43.558609 -80.502704
>
144.986846 41.885552 -18.871249
145.569683 41.602876 -8.319575
145.531010 42.313421 -19.002670
144.986846 41.885552 -18.871249
>
145.569683 41.602876 -8.319575
146.115016 42.027286 -10.587697
145.531010 42.313421 -19.002670
145.569683 41.602876 -8.319575
>
146.918221 43.042894 -18.081571
147.499783 43.421235 -31.108922
147.049050 43.689406 -44.433384
146.918221 43.042894 -18.081571
>
144.334567 43.098196 -80.963168
144.161579 42.508754 -53.148713
144.832321 42.591713 -40.063618
144.334567 43.098196 -80.963168
>
148.938705 45.315003 -81.450549
148.495343 44.854589 -81.671229
149.019501 44.659333 -41.338869
148.938705 45.315003 -81.450549
>
149.451702 45.038771 -49.778487
149.591744 44.444703 -22.271028
149.929914 44.943291 -35.113783
149.451702 45.038771 -49.778487
>
146.186233 42.792531 -20.203683
146.779507 42.400754 -10.854238
146.918221 43.042894 -18.081571
146.186233 42.792531 -20.203683
>
146.738950 44.070180 -81.144368
146.125065 43.831447 -80.991452
146.497348 43.458464 -42.456378
146.738950 44.070180 -81.144368
>
145.495961 42.980570 -41.112533
146.186233 42.792531 -20.203683
145.966568 43.324324 -48.742736
145.495961 42.980570 -41.112533
>
149.929914 44.943291 -35.113783
149.591744 44.444703 -22.271028
150.170471 44.555551 -18.070471
149.929914 44.943291 -35.113783
>
148.495343 44.854589 -81.671229
148.051982 44.445332 -79.790511
148.571029 44.204888 -42.409792
148.495343 44.854589 -81.671229
>
147.449021 42.745782 -10.905736
147.499783 43.421235 -31.108922
146.918221 43.042894 -18.081571
147.449021 42.745782 -10.905736
>
148.571029 44.204888 -42.409792
148.051982 44.445332 -79.790511
148.061543 43.790104 -41.568947
148.571029 44.204888 -42.409792
>
144.982390 41.171590 -6.892071
144.986846 41.885552 -18.871249
144.505229 41.510189 -17.324431
144.982390 41.171590 -6.892071
>
150.115045 44.080193 -10.825979
150.749607 44.395449 -10.563892
150.170471 44.555551 -18.070471
150.115045 44.080193 -10.825979
>
149.451702 45.038771 -49.778487
148.938705 45.315003 -81.450549
149.019501 44.659333 -41.338869
149.451702 45.038771 -49.778487
>
145.528232 43.558609 -80.502704
145.495961 42.980570 -41.112533
145.966568 43.324324 -48.742736
145.528232 43.558609 -80.502704
>
147.499783 43.421235 -31.108922
147.421045 44.206599 -81.992666
147.049050 43.689406 -44.433384
147.499783 43.421235 -31.108922
>
150.455961 44.902209 -23.451914
150.150569 45.408970 -49.803564
149.929914 44.943291 -35.113783
150.455961 44.902209 -23.451914
>
146.497348 43.458464 -42.456378
146.918221 43.042894 -18.081571
147.049050 43.689406 -44.433384
146.497348 43.458464 -42.456378
>
144.161579 42.508754 -53.148713
143.703630 42.944724 -81.380576
143.594167 42.392823 -49.538403
144.161579 42.508754 -53.148713
>
147.421045 44.206599 -81.992666
146.738950 44.070180 -81.144368
147.049050 43.689406 -44.433384
147.421045 44.206599 -81.992666
>
144.057664 41.881246 -32.121129
144.043379 41.224357 -16.211685
144.505229 41.510189 -17.324431
144.057664 41.881246 -32.121129
>
149.591744 44.444703 -22.271028
149.451702 45.038771 -49.778487
149.019501 44.659333 -41.338869
149.591744 44.444703 -22.271028
>
146.497348 43.458464 -42.456378
146.125065 43.831447 -80.991452
145.966568 43.324324 -48.742736
146.497348 43.458464 -42.456378
>
150.749607 44.395449 -10.563892
150.455961 44.902209 -23.451914
150.170471 44.555551 -18.070471
150.749607 44.395449 -10.563892
>
148.495343 44.854589 -81.671229
148.571029 44.204888 -42.409792
149.019501 44.659333 -41.338869
148.495343 44.854589 -81.671229
>
149.501433 45.621945 -81.904525
149.451702 45.038771 -49.778487
149.757410 45.306397 -55.932995
149.501433 45.621945 -81.904525
>
146.125065 43.831447 -80.991452
145.528232 43.558609 -80.502704
145.966568 43.324324 -48.742736
146.125065 43.831447 -80.991452
>
144.832321 42.591713 -40.063618
144.161579 42.508754 -53.148713
144.499974 42.124732 -33.720220
144.832321 42.591713 -40.063618
>
149.591744 44.444703 -22.271028
150.115045 44.080193 -10.825979
150.170471 44.555551 -18.070471
149.591744 44.444703 -22.271028
>
146.779507 42.400754 -10.854238
147.449021 42.745782 -10.905736
146.918221 43.042894 -18.081571
146.779507 42.400754 -10.854238
>
144.161579 42.508754 -53.148713
144.057664 41.881246 -32.121129
144.499974 42.124732 -33.720220
144.161579 42.508754 -53.148713
>
144.057664 41.881246 -32.121129
144.505229 41.510189 -17.324431
144.499974 42.124732 -33.720220
144.057664 41.881246 -32.121129
>
144.505229 41.510189 -17.324431
144.986846 41.885552 -18.871249
144.499974 42.124732 -33.720220
144.505229 41.510189 -17.324431
>
146.738950 44.070180 -81.144368
146.497348 43.458464 -42.456378
147.049050 43.689406 -44.433384
146.738950 44.070180 -81.144368
>
149.387088 43.737738 -10.896874
149.591744 44.444703 -22.271028
149.068484 44.098044 -20.131441
149.387088 43.737738 -10.896874
>
149.929914 44.943291 -35.113783
150.150569 45.408970 -49.803564
149.757410 45.306397 -55.932995
149.929914 44.943291 -35.113783
>
150.455961 44.902209 -23.451914
149.929914 44.943291 -35.113783
150.170471 44.555551 -18.070471
150.455961 44.902209 -23.451914
>
149.019501 44.659333 -41.338869
148.571029 44.204888 -42.409792
149.068484 44.098044 -20.131441
149.019501 44.659333 -41.338869
>
149.591744 44.444703 -22.271028
149.019501 44.659333 -41.338869
149.068484 44.098044 -20.131441
149.591744 44.444703 -22.271028
>
149.451702 45.038771 -49.778487
149.929914 44.943291 -35.113783
149.757410 45.306397 -55.932995
149.451702 45.038771 -49.778487
>
143.290000 36.860000 -9.122666
142.793641 36.942332 -16.058033
142.870000 36.320000 -8.710670
143.290000 36.860000 -9.122666
>
141.772048 36.810502 -31.898570
142.074419 36.475460 -21.584325
142.244860 37.007167 -24.788704
141.772048 36.810502 -31.898570
>
142.680587 39.660228 -29.939663
143.057798 39.190488 -23.210879
143.224885 39.804956 -21.044697
142.680587 39.660228 -29.939663
>
141.641582 39.302021 -58.027479
142.074725 38.900147 -40.841965
142.147003 39.500835 -41.606499
141.641582 39.302021 -58.027479
>
141.738739 39.913039 -57.085302
142.259922 40.074968 -39.556051
141.836465 40.583439 -55.199612
141.738739 39.913039 -57.085302
>
141.520932 42.023897 -80.940293
141.836456 41.668983 -66.081004
141.810822 42.211473 -80.363666
141.520932 42.023897 -80.940293
>
141.810822 42.211473 -80.363666
141.836456 41.668983 -66.081004
142.239239 42.045527 -66.649854
141.810822 42.211473 -80.363666
>
141.641582 39.302021 -58.027479
141.504843 38.790515 -60.071317
142.074725 38.900147 -40.841965
141.641582 39.302021 -58.027479
>
142.340000 35.400000 -6.415367
141.900620 35.232688 -13.674515
142.120000 34.830000 -8.209455
142.340000 35.400000 -6.415367
>
142.261857 41.116885 -43.619749
141.764718 41.172159 -61.657416
141.836465 40.583439 -55.199612
142.261857 41.116885 -43.619749
>
142.074419 36.475460 -21.584325
142.484436 36.636596 -16.911611
142.244860 37.007167 -24.788704
142.074419 36.475460 -21.584325
>
143.057798 39.190488 -23.210879
142.522015 39.207355 -32.334536
142.645309 38.748085 -28.987352
143.057798 39.190488 -23.210879
>
141.672884 34.852148 -18.129461
141.784413 34.563811 -14.841040
142.120000 34.830000 -8.209455
141.672884 34.852148 -18.129461
>
143.443646 41.738414 -30.916557
142.760169 41.908843 -49.088893
142.836947 41.376660 -35.011405
143.443646 41.738414 -30.916557
>
141.310387 40.335073 -80.258214
141.738739 39.913039 -57.085302
141.836465 40.583439 -55.199612
141.310387 40.335073 -80.258214
>
141.836465 40.583439 -55.199612
142.383346 40.566338 -37.813702
142.261857 41.116885 -43.619749
141.836465 40.583439 -55.199612
>
141.772048 36.810502 -31.898570
141.422394 37.123936 -43.845477
141.377967 36.663013 -40.087872
141.772048 36.810502 -31.898570
>
142.645309 38.748085 -28.987352
143.143663 38.604564 -21.190295
143.057798 39.190488 -23.210879
142.645309 38.748085 -28.987352
>
142.680587 39.660228 -29.939663
142.522015 39.207355 -32.334536
143.057798 39.190488 -23.210879
142.680587 39.660228 -29.939663
>
141.422394 37.123936 -43.845477
141.085579 36.864671 -49.685102
141.377967 36.663013 -40.087872
141.422394 37.123936 -43.845477
>
144.250000 39.580000 -7.176882
143.675723 39.400971 -14.772581
144.140604 38.981194 -8.147614
144.250000 39.580000 -7.176882
>
142.074725 38.900147 -40.841965
142.522015 39.207355 -32.334536
142.147003 39.500835 -41.606499
142.074725 38.900147 -40.841965
>
142.261857 41.116885 -43.619749
142.390122 41.623785 -51.698924
141.836456 41.668983 -66.081004
142.261857 41.116885 -43.619749
>
143.036685 42.316727 -49.577599
142.760169 41.908843 -49.088893
143.443646 41.738414 -30.916557
143.036685 42.316727 -49.577599
>
143.379442 41.041121 -21.066649
143.891473 40.607176 -13.300580
144.043379 41.224357 -16.211685
143.379442 41.041121 -21.066649
>
144.140604 38.981194 -8.147614
143.675723 39.400971 -14.772581
143.596286 38.847236 -15.408218
144.140604 38.981194 -8.147614
>
143.784765 40.001951 -13.789781
143.891473 40.607176 -13.300580
143.306508 40.418600 -20.303464
143.784765 40.001951 -13.789781
>
143.224885 39.804956 -21.044697
143.057798 39.190488 -23.210879
143.675723 39.400971 -14.772581
143.224885 39.804956 -21.044697
>
143.443646 41.738414 -30.916557
143.379442 41.041121 -21.066649
144.043379 41.224357 -16.211685
143.443646 41.738414 -30.916557
>
140.740819 35.956067 -44.354060
140.756752 36.251642 -47.877990
140.485896 36.211451 -55.538050
140.740819 35.956067 -44.354060
>
142.244860 37.007167 -24.788704
141.866272 37.193159 -33.879735
141.772048 36.810502 -31.898570
142.244860 37.007167 -24.788704
>
140.756752 36.251642 -47.877990
140.990734 36.122224 -40.145052
140.966793 36.484958 -46.768673
140.756752 36.251642 -47.877990
>
143.306508 40.418600 -20.303464
143.891473 40.607176 -13.300580
143.379442 41.041121 -21.066649
143.306508 40.418600 -20.303464
>
140.966793 36.484958 -46.768673
140.990734 36.122224 -40.145052
141.292662 36.274328 -36.249280
140.966793 36.484958 -46.768673
>
141.836456 41.668983 -66.081004
141.764718 41.172159 -61.657416
142.261857 41.116885 -43.619749
141.836456 41.668983 -66.081004
>
141.401566 41.478221 -79.620779
141.836456 41.668983 -66.081004
141.520932 42.023897 -80.940293
141.401566 41.478221 -79.620779
>
142.127130 36.048343 -14.554876
142.062534 35.660270 -12.091191
142.539427 35.926512 -6.294521
142.127130 36.048343 -14.554876
>
142.793641 36.942332 -16.058033
142.484436 36.636596 -16.911611
142.870000 36.320000 -8.710670
142.793641 36.942332 -16.058033
>
141.238133 39.684794 -80.022873
141.738739 39.913039 -57.085302
141.310387 40.335073 -80.258214
141.238133 39.684794 -80.022873
>
141.810822 42.211473 -80.363666
142.239239 42.045527 -66.649854
142.237131 42.484310 -80.128234
141.810822 42.211473 -80.363666
>
140.966793 36.484958 -46.768673
140.606821 36.483703 -56.342763
140.756752 36.251642 -47.877990
140.966793 36.484958 -46.768673
>
141.141796 39.138881 -79.910457
141.504843 38.790515 -60.071317
141.641582 39.302021 -58.027479
141.141796 39.138881 -79.910457
>
143.306508 40.418600 -20.303464
143.224885 39.804956 -21.044697
143.784765 40.001951 -13.789781
143.306508 40.418600 -20.303464
>
141.836456 41.668983 -66.081004
142.390122 41.623785 -51.698924
142.239239 42.045527 -66.649854
141.836456 41.668983 -66.081004
>
143.443646 41.738414 -30.916557
142.836947 41.376660 -35.011405
143.379442 41.041121 -21.066649
143.443646 41.738414 -30.916557
>
142.419082 36.281382 -13.069664
142.484436 36.636596 -16.911611
142.074419 36.475460 -21.584325
142.419082 36.281382 -13.069664
>
140.676164 37.653675 -80.106710
141.125625 37.937721 -65.680966
140.892923 38.199588 -79.984767
140.676164 37.653675 -80.106710
>
142.120000 34.830000 -8.209455
141.900620 35.232688 -13.674515
141.672884 34.852148 -18.129461
142.120000 34.830000 -8.209455
>
141.202869 35.667730 -31.461261
141.467250 35.734805 -25.916074
141.239366 35.942692 -32.720945
141.202869 35.667730 -31.461261
>
142.836947 41.376660 -35.011405
142.785096 40.830471 -29.645197
143.379442 41.041121 -21.066649
142.836947 41.376660 -35.011405
>
142.259922 40.074968 -39.556051
142.383346 40.566338 -37.813702
141.836465 40.583439 -55.199612
142.259922 40.074968 -39.556051
>
140.928923 37.214423 -59.756268
141.422394 37.123936 -43.845477
141.228495 37.571185 -55.819258
140.928923 37.214423 -59.756268
>
141.467250 35.734805 -25.916074
141.534735 36.032808 -27.379858
141.239366 35.942692 -32.720945
141.467250 35.734805 -25.916074
>
141.521523 35.173438 -22.555527
141.682027 35.513191 -19.652564
141.354230 35.437060 -27.191619
141.521523 35.173438 -22.555527
>
140.928923 37.214423 -59.756268
141.228495 37.571185 -55.819258
140.676164 37.653675 -80.106710
140.928923 37.214423 -59.756268
>
142.836947 41.376660 -35.011405
142.261857 41.116885 -43.619749
142.785096 40.830471 -29.645197
142.836947 41.376660 -35.011405
>
144.043379 41.224357 -16.211685
143.891473 40.607176 -13.300580
144.461120 40.773660 -8.429378
144.043379 41.224357 -16.211685
>
143.784765 40.001951 -13.789781
143.675723 39.400971 -14.772581
144.250000 39.580000 -7.176882
143.784765 40.001951 -13.789781
>
140.411236 37.155930 -80.276047
140.732514 36.825662 -59.298314
140.928923 37.214423 -59.756268
140.411236 37.155930 -80.276047
>
144.360000 40.200000 -7.440769
143.784765 40.001951 -13.789781
144.250000 39.580000 -7.176882
144.360000 40.200000 -7.440769
>
141.228495 37.571185 -55.819258
141.125625 37.937721 -65.680966
140.676164 37.653675 -80.106710
141.228495 37.571185 -55.819258
>
140.411236 37.155930 -80.276047
140.928923 37.214423 -59.756268
140.676164 37.653675 -80.106710
140.411236 37.155930 -80.276047
>
143.675723 39.400971 -14.772581
143.057798 39.190488 -23.210879
143.596286 38.847236 -15.408218
143.675723 39.400971 -14.772581
>
141.310387 40.335073 -80.258214
141.836465 40.583439 -55.199612
141.374612 40.937184 -79.739253
141.310387 40.335073 -80.258214
>
142.539427 35.926512 -6.294521
142.062534 35.660270 -12.091191
142.340000 35.400000 -6.415367
142.539427 35.926512 -6.294521
>
142.340000 35.400000 -6.415367
142.062534 35.660270 -12.091191
141.900620 35.232688 -13.674515
142.340000 35.400000 -6.415367
>
141.836465 40.583439 -55.199612
141.764718 41.172159 -61.657416
141.374612 40.937184 -79.739253
141.836465 40.583439 -55.199612
>
141.141796 39.138881 -79.910457
141.641582 39.302021 -58.027479
141.238133 39.684794 -80.022873
141.141796 39.138881 -79.910457
>
144.360000 40.200000 -7.440769
143.891473 40.607176 -13.300580
143.784765 40.001951 -13.789781
144.360000 40.200000 -7.440769
>
141.292662 36.274328 -36.249280
140.990734 36.122224 -40.145052
141.239366 35.942692 -32.720945
141.292662 36.274328 -36.249280
>
142.455760 37.867702 -28.437851
141.980873 37.930985 -37.796367
142.144590 37.498191 -31.242027
142.455760 37.867702 -28.437851
>
141.037430 38.657192 -79.895877
141.504843 38.790515 -60.071317
141.141796 39.138881 -79.910457
141.037430 38.657192 -79.895877
>
143.224885 39.804956 -21.044697
143.675723 39.400971 -14.772581
143.784765 40.001951 -13.789781
143.224885 39.804956 -21.044697
>
140.928923 37.214423 -59.756268
141.085579 36.864671 -49.685102
141.422394 37.123936 -43.845477
140.928923 37.214423 -59.756268
>
142.645309 38.748085 -28.987352
142.522015 39.207355 -32.334536
142.074725 38.900147 -40.841965
142.645309 38.748085 -28.987352
>
141.202869 35.667730 -31.461261
141.239366 35.942692 -32.720945
140.947945 35.824256 -37.961997
141.202869 35.667730 -31.461261
>
142.870000 36.320000 -8.710670
142.419082 36.281382 -13.069664
142.539427 35.926512 -6.294521
142.870000 36.320000 -8.710670
>
143.057798 39.190488 -23.210879
143.143663 38.604564 -21.190295
143.596286 38.847236 -15.408218
143.057798 39.190488 -23.210879
>
141.504843 38.790515 -60.071317
141.779715 38.372638 -45.922740
142.074725 38.900147 -40.841965
141.504843 38.790515 -60.071317
>
142.785096 40.830471 -29.645197
142.773391 40.225927 -28.741963
143.306508 40.418600 -20.303464
142.785096 40.830471 -29.645197
>
142.144590 37.498191 -31.242027
142.244860 37.007167 -24.788704
142.610894 37.405224 -22.697711
142.144590 37.498191 -31.242027
>
142.455760 37.867702 -28.437851
142.144590 37.498191 -31.242027
142.610894 37.405224 -22.697711
142.455760 37.867702 -28.437851
>
142.785096 40.830471 -29.645197
143.306508 40.418600 -20.303464
143.379442 41.041121 -21.066649
142.785096 40.830471 -29.645197
>
143.810000 37.870000 -9.614522
143.340136 37.655567 -14.975241
143.609750 37.250333 -8.415852
143.810000 37.870000 -9.614522
>
142.287305 38.350025 -33.954361
141.980873 37.930985 -37.796367
142.455760 37.867702 -28.437851
142.287305 38.350025 -33.954361
>
142.610894 37.405224 -22.697711
142.244860 37.007167 -24.788704
142.793641 36.942332 -16.058033
142.610894 37.405224 -22.697711
>
143.094882 37.312288 -15.597014
142.610894 37.405224 -22.697711
142.793641 36.942332 -16.058033
143.094882 37.312288 -15.597014
>
143.094882 37.312288 -15.597014
142.793641 36.942332 -16.058033
143.290000 36.860000 -9.122666
143.094882 37.312288 -15.597014
>
144.140604 38.981194 -8.147614
143.596286 38.847236 -15.408218
143.990000 38.460000 -8.895447
144.140604 38.981194 -8.147614
>
142.261857 41.116885 -43.619749
142.383346 40.566338 -37.813702
142.785096 40.830471 -29.645197
142.261857 41.116885 -43.619749
>
143.810000 37.870000 -9.614522
143.562085 38.383293 -15.076552
143.261183 38.084939 -18.226289
143.810000 37.870000 -9.614522
>
143.224885 39.804956 -21.044697
142.773391 40.225927 -28.741963
142.680587 39.660228 -29.939663
143.224885 39.804956 -21.044697
>
143.609750 37.250333 -8.415852
143.094882 37.312288 -15.597014
143.290000 36.860000 -9.122666
143.609750 37.250333 -8.415852
>
141.641582 39.302021 -58.027479
142.147003 39.500835 -41.606499
141.738739 39.913039 -57.085302
141.641582 39.302021 -58.027479
>
142.786348 38.235932 -25.240014
142.287305 38.350025 -33.954361
142.455760 37.867702 -28.437851
142.786348 38.235932 -25.240014
>
141.697475 37.550600 -41.614435
141.866272 37.193159 -33.879735
142.144590 37.498191 -31.242027
141.697475 37.550600 -41.614435
>
140.892923 38.199588 -79.984767
141.310154 38.317401 -63.115572
141.037430 38.657192 -79.895877
140.892923 38.199588 -79.984767
>
144.461120 40.773660 -8.429378
143.891473 40.607176 -13.300580
144.360000 40.200000 -7.440769
144.461120 40.773660 -8.429378
>
142.924867 37.760275 -20.912928
142.455760 37.867702 -28.437851
142.610894 37.405224 -22.697711
142.924867 37.760275 -20.912928
>
143.990000 38.460000 -8.895447
143.562085 38.383293 -15.076552
143.810000 37.870000 -9.614522
143.990000 38.460000 -8.895447
>
140.732514 36.825662 -59.298314
140.606821 36.483703 -56.342763
140.966793 36.484958 -46.768673
140.732514 36.825662 -59.298314
>
143.094882 37.312288 -15.597014
142.924867 37.760275 -20.912928
142.610894 37.405224 -22.697711
143.094882 37.312288 -15.597014
>
142.645309 38.748085 -28.987352
142.074725 38.900147 -40.841965
142.287305 38.350025 -33.954361
142.645309 38.748085 -28.987352
>
141.900620 35.232688 -13.674515
142.062534 35.660270 -12.091191
141.682027 35.513191 -19.652564
141.900620 35.232688 -13.674515
>
141.772048 36.810502 -31.898570
141.866272 37.193159 -33.879735
141.422394 37.123936 -43.845477
141.772048 36.810502 -31.898570
>
142.870000 36.320000 -8.710670
142.484436 36.636596 -16.911611
142.419082 36.281382 -13.069664
142.870000 36.320000 -8.710670
>
142.924867 37.760275 -20.912928
142.786348 38.235932 -25.240014
142.455760 37.867702 -28.437851
142.924867 37.760275 -20.912928
>
141.354230 35.437060 -27.191619
141.682027 35.513191 -19.652564
141.467250 35.734805 -25.916074
141.354230 35.437060 -27.191619
>
142.147003 39.500835 -41.606499
142.680587 39.660228 -29.939663
142.259922 40.074968 -39.556051
142.147003 39.500835 -41.606499
>
141.672884 34.852148 -18.129461
141.900620 35.232688 -13.674515
141.521523 35.173438 -22.555527
141.672884 34.852148 -18.129461
>
142.786348 38.235932 -25.240014
142.645309 38.748085 -28.987352
142.287305 38.350025 -33.954361
142.786348 38.235932 -25.240014
>
141.641582 39.302021 -58.027479
141.738739 39.913039 -57.085302
141.238133 39.684794 -80.022873
141.641582 39.302021 -58.027479
>
141.980873 37.930985 -37.796367
141.697475 37.550600 -41.614435
142.144590 37.498191 -31.242027
141.980873 37.930985 -37.796367
>
141.310154 38.317401 -63.115572
141.504843 38.790515 -60.071317
141.037430 38.657192 -79.895877
141.310154 38.317401 -63.115572
>
142.147003 39.500835 -41.606499
142.259922 40.074968 -39.556051
141.738739 39.913039 -57.085302
142.147003 39.500835 -41.606499
>
143.306508 40.418600 -20.303464
142.773391 40.225927 -28.741963
143.224885 39.804956 -21.044697
143.306508 40.418600 -20.303464
>
143.143663 38.604564 -21.190295
143.562085 38.383293 -15.076552
143.596286 38.847236 -15.408218
143.143663 38.604564 -21.190295
>
140.286737 36.433882 -66.501327
140.412231 36.694622 -67.669469
140.023846 36.573932 -80.060320
140.286737 36.433882 -66.501327
>
141.534735 36.032808 -27.379858
141.292662 36.274328 -36.249280
141.239366 35.942692 -32.720945
141.534735 36.032808 -27.379858
>
141.422394 37.123936 -43.845477
141.866272 37.193159 -33.879735
141.697475 37.550600 -41.614435
141.422394 37.123936 -43.845477
>
142.785096 40.830471 -29.645197
142.383346 40.566338 -37.813702
142.773391 40.225927 -28.741963
142.785096 40.830471 -29.645197
>
142.287305 38.350025 -33.954361
141.779715 38.372638 -45.922740
141.980873 37.930985 -37.796367
142.287305 38.350025 -33.954361
>
142.924867 37.760275 -20.912928
143.261183 38.084939 -18.226289
142.786348 38.235932 -25.240014
142.924867 37.760275 -20.912928
>
142.074725 38.900147 -40.841965
141.779715 38.372638 -45.922740
142.287305 38.350025 -33.954361
142.074725 38.900147 -40.841965
>
143.261183 38.084939 -18.226289
143.340136 37.655567 -14.975241
143.810000 37.870000 -9.614522
143.261183 38.084939 -18.226289
>
142.680587 39.660228 -29.939663
142.773391 40.225927 -28.741963
142.259922 40.074968 -39.556051
142.680587 39.660228 -29.939663
>
142.836947 41.376660 -35.011405
142.390122 41.623785 -51.698924
142.261857 41.116885 -43.619749
142.836947 41.376660 -35.011405
>
141.422394 37.123936 -43.845477
141.697475 37.550600 -41.614435
141.228495 37.571185 -55.819258
141.422394 37.123936 -43.845477
>
142.786348 38.235932 -25.240014
143.143663 38.604564 -21.190295
142.645309 38.748085 -28.987352
142.786348 38.235932 -25.240014
>
142.239239 42.045527 -66.649854
142.614376 42.351945 -65.369817
142.237131 42.484310 -80.128234
142.239239 42.045527 -66.649854
>
141.786003 35.840884 -19.595860
142.062534 35.660270 -12.091191
142.127130 36.048343 -14.554876
141.786003 35.840884 -19.595860
>
143.261183 38.084939 -18.226289
143.143663 38.604564 -21.190295
142.786348 38.235932 -25.240014
143.261183 38.084939 -18.226289
>
141.310154 38.317401 -63.115572
141.779715 38.372638 -45.922740
141.504843 38.790515 -60.071317
141.310154 38.317401 -63.115572
>
143.609750 37.250333 -8.415852
143.340136 37.655567 -14.975241
143.094882 37.312288 -15.597014
143.609750 37.250333 -8.415852
>
142.760169 41.908843 -49.088893
142.614376 42.351945 -65.369817
142.239239 42.045527 -66.649854
142.760169 41.908843 -49.088893
>
142.144590 37.498191 -31.242027
141.866272 37.193159 -33.879735
142.244860 37.007167 -24.788704
142.144590 37.498191 -31.242027
>
142.419082 36.281382 -13.069664
142.127130 36.048343 -14.554876
142.539427 35.926512 -6.294521
142.419082 36.281382 -13.069664
>
141.374612 40.937184 -79.739253
141.764718 41.172159 -61.657416
141.401566 41.478221 -79.620779
141.374612 40.937184 -79.739253
>
141.646376 36.400276 -29.871916
141.772048 36.810502 -31.898570
141.377967 36.663013 -40.087872
141.646376 36.400276 -29.871916
>
142.390122 41.623785 -51.698924
142.760169 41.908843 -49.088893
142.239239 42.045527 -66.649854
142.390122 41.623785 -51.698924
>
140.732514 36.825662 -59.298314
141.085579 36.864671 -49.685102
140.928923 37.214423 -59.756268
140.732514 36.825662 -59.298314
>
142.773391 40.225927 -28.741963
142.383346 40.566338 -37.813702
142.259922 40.074968 -39.556051
142.773391 40.225927 -28.741963
>
142.147003 39.500835 -41.606499
142.522015 39.207355 -32.334536
142.680587 39.660228 -29.939663
142.147003 39.500835 -41.606499
>
142.836947 41.376660 -35.011405
142.760169 41.908843 -49.088893
142.390122 41.623785 -51.698924
142.836947 41.376660 -35.011405
>
140.411236 37.155930 -80.276047
140.412231 36.694622 -67.669469
140.732514 36.825662 -59.298314
140.411236 37.155930 -80.276047
>
141.779715 38.372638 -45.922740
141.520390 37.946755 -50.870722
141.980873 37.930985 -37.796367
141.779715 38.372638 -45.922740
>
140.947945 35.824256 -37.961997
140.990734 36.122224 -40.145052
140.740819 35.956067 -44.354060
140.947945 35.824256 -37.961997
>
141.467250 35.734805 -25.916074
141.786003 35.840884 -19.595860
141.534735 36.032808 -27.379858
141.467250 35.734805 -25.916074
>
141.900620 35.232688 -13.674515
141.682027 35.513191 -19.652564
141.521523 35.173438 -22.555527
141.900620 35.232688 -13.674515
>
143.261183 38.084939 -18.226289
143.562085 38.383293 -15.076552
143.143663 38.604564 -21.190295
143.261183 38.084939 -18.226289
>
141.354230 35.437060 -27.191619
141.467250 35.734805 -25.916074
141.202869 35.667730 -31.461261
141.354230 35.437060 -27.191619
>
141.646376 36.400276 -29.871916
141.377967 36.663013 -40.087872
141.292662 36.274328 -36.249280
141.646376 36.400276 -29.871916
>
141.239366 35.942692 -32.720945
140.990734 36.122224 -40.145052
140.947945 35.824256 -37.961997
141.239366 35.942692 -32.720945
>
140.740819 35.956067 -44.354060
140.990734 36.122224 -40.145052
140.756752 36.251642 -47.877990
140.740819 35.956067 -44.354060
>
140.485896 36.211451 -55.538050
140.606821 36.483703 -56.342763
140.286737 36.433882 -66.501327
140.485896 36.211451 -55.538050
>
141.467250 35.734805 -25.916074
141.682027 35.513191 -19.652564
141.786003 35.840884 -19.595860
141.467250 35.734805 -25.916074
>
141.310154 38.317401 -63.115572
141.520390 37.946755 -50.870722
141.779715 38.372638 -45.922740
141.310154 38.317401 -63.115572
>
141.534735 36.032808 -27.379858
141.646376 36.400276 -29.871916
141.292662 36.274328 -36.249280
141.534735 36.032808 -27.379858
>
140.756752 36.251642 -47.877990
140.606821 36.483703 -56.342763
140.485896 36.211451 -55.538050
140.756752 36.251642 -47.877990
>
141.401566 41.478221 -79.620779
141.764718 41.172159 -61.657416
141.836456 41.668983 -66.081004
141.401566 41.478221 -79.620779
>
142.924867 37.760275 -20.912928
143.340136 37.655567 -14.975241
143.261183 38.084939 -18.226289
142.924867 37.760275 -20.912928
>
142.697540 42.808305 -81.650973
142.614376 42.351945 -65.369817
143.036685 42.316727 -49.577599
142.697540 42.808305 -81.650973
>
142.237131 42.484310 -80.128234
142.614376 42.351945 -65.369817
142.697540 42.808305 -81.650973
142.237131 42.484310 -80.128234
>
143.094882 37.312288 -15.597014
143.340136 37.655567 -14.975241
142.924867 37.760275 -20.912928
143.094882 37.312288 -15.597014
>
141.377967 36.663013 -40.087872
140.966793 36.484958 -46.768673
141.292662 36.274328 -36.249280
141.377967 36.663013 -40.087872
>
141.697475 37.550600 -41.614435
141.520390 37.946755 -50.870722
141.228495 37.571185 -55.819258
141.697475 37.550600 -41.614435
>
141.646376 36.400276 -29.871916
142.074419 36.475460 -21.584325
141.772048 36.810502 -31.898570
141.646376 36.400276 -29.871916
>
142.419082 36.281382 -13.069664
142.074419 36.475460 -21.584325
142.127130 36.048343 -14.554876
142.419082 36.281382 -13.069664
>
142.244860 37.007167 -24.788704
142.484436 36.636596 -16.911611
142.793641 36.942332 -16.058033
142.244860 37.007167 -24.788704
>
140.966793 36.484958 -46.768673
141.085579 36.864671 -49.685102
140.732514 36.825662 -59.298314
140.966793 36.484958 -46.768673
>
142.074419 36.475460 -21.584325
141.828013 36.142511 -22.175715
142.127130 36.048343 -14.554876
142.074419 36.475460 -21.584325
>
143.596286 38.847236 -15.408218
143.562085 38.383293 -15.076552
143.990000 38.460000 -8.895447
143.596286 38.847236 -15.408218
>
140.606821 36.483703 -56.342763
140.412231 36.694622 -67.669469
140.286737 36.433882 -66.501327
140.606821 36.483703 -56.342763
>
140.892923 38.199588 -79.984767
141.125625 37.937721 -65.680966
141.310154 38.317401 -63.115572
140.892923 38.199588 -79.984767
>
141.520390 37.946755 -50.870722
141.125625 37.937721 -65.680966
141.228495 37.571185 -55.819258
141.520390 37.946755 -50.870722
>
141.646376 36.400276 -29.871916
141.828013 36.142511 -22.175715
142.074419 36.475460 -21.584325
141.646376 36.400276 -29.871916
>
142.127130 36.048343 -14.554876
141.828013 36.142511 -22.175715
141.786003 35.840884 -19.595860
142.127130 36.048343 -14.554876
>
141.980873 37.930985 -37.796367
141.520390 37.946755 -50.870722
141.697475 37.550600 -41.614435
141.980873 37.930985 -37.796367
>
141.534735 36.032808 -27.379858
141.828013 36.142511 -22.175715
141.646376 36.400276 -29.871916
141.534735 36.032808 -27.379858
>
141.682027 35.513191 -19.652564
142.062534 35.660270 -12.091191
141.786003 35.840884 -19.595860
141.682027 35.513191 -19.652564
>
141.377967 36.663013 -40.087872
141.085579 36.864671 -49.685102
140.966793 36.484958 -46.768673
141.377967 36.663013 -40.087872
>
141.786003 35.840884 -19.595860
141.828013 36.142511 -22.175715
141.534735 36.032808 -27.379858
141.786003 35.840884 -19.595860
>
140.732514 36.825662 -59.298314
140.412231 36.694622 -67.669469
140.606821 36.483703 -56.342763
140.732514 36.825662 -59.298314
>
143.036685 42.316727 -49.577599
142.614376 42.351945 -65.369817
142.760169 41.908843 -49.088893
143.036685 42.316727 -49.577599
>
141.310154 38.317401 -63.115572
141.125625 37.937721 -65.680966
141.520390 37.946755 -50.870722
141.310154 38.317401 -63.115572
>
142.120000 34.830000 -8.209455
141.784413 34.563811 -14.841040
141.883000 34.212700 -11.003277
142.120000 34.830000 -8.209455
>
140.023846 36.573932 -80.060320
140.412231 36.694622 -67.669469
140.411236 37.155930 -80.276047
140.023846 36.573932 -80.060320
>
141.121321 34.555869 -33.445958
141.398247 34.278383 -24.549171
141.492928 34.579708 -22.425981
141.121321 34.555869 -33.445958
>
141.492928 34.579708 -22.425981
141.338971 34.880933 -27.209639
141.121321 34.555869 -33.445958
141.492928 34.579708 -22.425981
>
140.836043 32.478037 -49.409408
141.109497 32.198105 -37.823811
141.230180 32.501253 -32.707088
140.836043 32.478037 -49.409408
>
141.908768 30.519797 -21.233661
141.593218 30.862867 -24.951034
141.338805 30.472300 -44.719022
141.908768 30.519797 -21.233661
>
140.806698 32.111062 -52.960041
141.109497 32.198105 -37.823811
140.836043 32.478037 -49.409408
140.806698 32.111062 -52.960041
>
141.121321 34.555869 -33.445958
141.338971 34.880933 -27.209639
141.002373 34.947578 -37.488780
141.121321 34.555869 -33.445958
>
141.675391 32.816330 -17.629198
141.509097 32.538345 -23.338196
141.769718 32.460478 -16.681242
141.675391 32.816330 -17.629198
>
140.947945 35.824256 -37.961997
140.680795 35.713428 -45.663652
140.929350 35.551388 -38.006608
140.947945 35.824256 -37.961997
>
140.353077 34.503619 -61.275867
140.364959 34.902700 -60.966250
139.872122 34.727889 -80.672385
140.353077 34.503619 -61.275867
>
141.101686 34.162315 -33.823010
141.398247 34.278383 -24.549171
141.121321 34.555869 -33.445958
141.101686 34.162315 -33.823010
>
140.285957 33.029217 -80.081742
140.601409 33.289537 -57.423798
140.183047 33.432940 -80.095308
140.285957 33.029217 -80.081742
>
141.275218 33.411021 -29.597817
141.346689 33.051879 -27.376538
141.669880 33.223879 -18.151130
141.275218 33.411021 -29.597817
>
139.833210 36.176497 -80.433471
140.193910 36.150390 -65.508546
140.023846 36.573932 -80.060320
139.833210 36.176497 -80.433471
>
140.183047 33.432940 -80.095308
140.601409 33.289537 -57.423798
140.507795 33.692313 -59.470104
140.183047 33.432940 -80.095308
>
141.669880 33.223879 -18.151130
141.607106 33.604946 -19.010845
141.275218 33.411021 -29.597817
141.669880 33.223879 -18.151130
>
142.019325 32.702799 -9.212580
141.675391 32.816330 -17.629198
141.769718 32.460478 -16.681242
142.019325 32.702799 -9.212580
>
140.364959 34.902700 -60.966250
140.107115 35.128698 -68.510352
139.872122 34.727889 -80.672385
140.364959 34.902700 -60.966250
>
141.553110 31.925951 -23.575031
141.561331 31.607379 -23.694712
141.830897 31.823484 -16.814883
141.553110 31.925951 -23.575031
>
140.353077 34.503619 -61.275867
140.427866 34.099806 -60.077748
140.755540 34.329649 -45.887022
140.353077 34.503619 -61.275867
>
140.499693 32.229685 -80.012130
140.806698 32.111062 -52.960041
140.836043 32.478037 -49.409408
140.499693 32.229685 -80.012130
>
141.338805 30.472300 -44.719022
141.015537 30.666740 -57.980679
140.871752 30.424803 -79.676268
141.338805 30.472300 -44.719022
>
141.230180 32.501253 -32.707088
141.109497 32.198105 -37.823811
141.478173 32.244027 -25.213911
141.230180 32.501253 -32.707088
>
141.478173 32.244027 -25.213911
141.509097 32.538345 -23.338196
141.230180 32.501253 -32.707088
141.478173 32.244027 -25.213911
>
140.740819 35.956067 -44.354060
140.680795 35.713428 -45.663652
140.947945 35.824256 -37.961997
140.740819 35.956067 -44.354060
>
141.830897 31.823484 -16.814883
141.561331 31.607379 -23.694712
141.853069 31.493800 -17.048537
141.830897 31.823484 -16.814883
>
139.985143 34.248304 -80.261217
140.427866 34.099806 -60.077748
140.353077 34.503619 -61.275867
139.985143 34.248304 -80.261217
>
140.714614 32.895794 -53.492147
140.601409 33.289537 -57.423798
140.285957 33.029217 -80.081742
140.714614 32.895794 -53.492147
>
141.225755 33.815870 -30.248038
141.607106 33.604946 -19.010845
141.578593 33.982636 -19.059396
141.225755 33.815870 -30.248038
>
140.485896 36.211451 -55.538050
140.439078 35.911881 -54.643947
140.740819 35.956067 -44.354060
140.485896 36.211451 -55.538050
>
140.499693 32.229685 -80.012130
140.836043 32.478037 -49.409408
140.404699 32.680906 -80.093240
140.499693 32.229685 -80.012130
>
140.680795 35.713428 -45.663652
140.404138 35.604128 -56.716529
140.675926 35.418685 -47.064551
140.680795 35.713428 -45.663652
>
140.755540 34.329649 -45.887022
140.712834 34.713363 -47.692056
140.353077 34.503619 -61.275867
140.755540 34.329649 -45.887022
>
140.601409 33.289537 -57.423798
140.902191 33.553285 -42.723438
140.507795 33.692313 -59.470104
140.601409 33.289537 -57.423798
>
140.404699 32.680906 -80.093240
140.714614 32.895794 -53.492147
140.285957 33.029217 -80.081742
140.404699 32.680906 -80.093240
>
140.986511 33.168047 -40.398447
141.275218 33.411021 -29.597817
140.902191 33.553285 -42.723438
140.986511 33.168047 -40.398447
>
141.275218 33.411021 -29.597817
141.607106 33.604946 -19.010845
141.225755 33.815870 -30.248038
141.275218 33.411021 -29.597817
>
141.368271 32.742802 -26.721851
141.509097 32.538345 -23.338196
141.675391 32.816330 -17.629198
141.368271 32.742802 -26.721851
>
140.836043 32.478037 -49.409408
140.714614 32.895794 -53.492147
140.404699 32.680906 -80.093240
140.836043 32.478037 -49.409408
>
142.019325 32.702799 -9.212580
141.769718 32.460478 -16.681242
142.034438 32.337184 -11.784684
142.019325 32.702799 -9.212580
>
141.931077 33.807451 -9.516235
141.607106 33.604946 -19.010845
141.987235 33.417141 -10.225075
141.931077 33.807451 -9.516235
>
140.578854 31.778465 -79.852650
140.806698 32.111062 -52.960041
140.499693 32.229685 -80.012130
140.578854 31.778465 -79.852650
>
140.986511 33.168047 -40.398447
140.902191 33.553285 -42.723438
140.601409 33.289537 -57.423798
140.986511 33.168047 -40.398447
>
141.368271 32.742802 -26.721851
141.675391 32.816330 -17.629198
141.346689 33.051879 -27.376538
141.368271 32.742802 -26.721851
>
139.785041 35.205092 -80.242675
140.104676 35.458366 -67.816981
139.801098 35.710865 -79.615505
139.785041 35.205092 -80.242675
>
141.987235 33.417141 -10.225075
141.607106 33.604946 -19.010845
141.669880 33.223879 -18.151130
141.987235 33.417141 -10.225075
>
141.002373 34.947578 -37.488780
141.338971 34.880933 -27.209639
141.214277 35.187206 -30.733332
141.002373 34.947578 -37.488780
>
140.404138 35.604128 -56.716529
140.401754 35.265590 -58.817865
140.675926 35.418685 -47.064551
140.404138 35.604128 -56.716529
>
141.225755 33.815870 -30.248038
141.101686 34.162315 -33.823010
140.816455 33.942923 -44.527803
141.225755 33.815870 -30.248038
>
140.119717 33.836664 -79.874744
140.427866 34.099806 -60.077748
139.985143 34.248304 -80.261217
140.119717 33.836664 -79.874744
>
140.642183 31.382657 -79.054665
140.958983 31.553399 -48.584367
140.578854 31.778465 -79.852650
140.642183 31.382657 -79.054665
>
140.680795 35.713428 -45.663652
140.675926 35.418685 -47.064551
140.929350 35.551388 -38.006608
140.680795 35.713428 -45.663652
>
141.368271 32.742802 -26.721851
141.346689 33.051879 -27.376538
141.079999 32.806205 -36.347360
141.368271 32.742802 -26.721851
>
141.346689 33.051879 -27.376538
141.675391 32.816330 -17.629198
141.669880 33.223879 -18.151130
141.346689 33.051879 -27.376538
>
139.985143 34.248304 -80.261217
140.353077 34.503619 -61.275867
139.872122 34.727889 -80.672385
139.985143 34.248304 -80.261217
>
140.578854 31.778465 -79.852650
141.009401 31.871016 -43.359388
140.806698 32.111062 -52.960041
140.578854 31.778465 -79.852650
>
141.521523 35.173438 -22.555527
141.338971 34.880933 -27.209639
141.672884 34.852148 -18.129461
141.521523 35.173438 -22.555527
>
141.079999 32.806205 -36.347360
141.346689 33.051879 -27.376538
140.986511 33.168047 -40.398447
141.079999 32.806205 -36.347360
>
140.958983 31.553399 -48.584367
141.009401 31.871016 -43.359388
140.578854 31.778465 -79.852650
140.958983 31.553399 -48.584367
>
140.947945 35.824256 -37.961997
140.929350 35.551388 -38.006608
141.202869 35.667730 -31.461261
140.947945 35.824256 -37.961997
>
140.902191 33.553285 -42.723438
141.225755 33.815870 -30.248038
140.816455 33.942923 -44.527803
140.902191 33.553285 -42.723438
>
141.214277 35.187206 -30.733332
140.939686 35.266999 -38.615073
141.002373 34.947578 -37.488780
141.214277 35.187206 -30.733332
>
142.130000 31.730000 -9.748994
141.853069 31.493800 -17.048537
142.179777 31.347760 -10.005711
142.130000 31.730000 -9.748994
>
140.507795 33.692313 -59.470104
140.427866 34.099806 -60.077748
140.119717 33.836664 -79.874744
140.507795 33.692313 -59.470104
>
141.883000 34.212700 -11.003277
141.578593 33.982636 -19.059396
141.931077 33.807451 -9.516235
141.883000 34.212700 -11.003277
>
140.986511 33.168047 -40.398447
141.346689 33.051879 -27.376538
141.275218 33.411021 -29.597817
140.986511 33.168047 -40.398447
>
140.836043 32.478037 -49.409408
141.079999 32.806205 -36.347360
140.714614 32.895794 -53.492147
140.836043 32.478037 -49.409408
>
141.277528 31.725352 -32.268426
141.561331 31.607379 -23.694712
141.553110 31.925951 -23.575031
141.277528 31.725352 -32.268426
>
140.836043 32.478037 -49.409408
141.230180 32.501253 -32.707088
141.079999 32.806205 -36.347360
140.836043 32.478037 -49.409408
>
141.478173 32.244027 -25.213911
141.109497 32.198105 -37.823811
141.296487 31.983238 -31.214760
141.478173 32.244027 -25.213911
>
141.101686 34.162315 -33.823010
141.121321 34.555869 -33.445958
140.755540 34.329649 -45.887022
141.101686 34.162315 -33.823010
>
142.130000 31.730000 -9.748994
141.830897 31.823484 -16.814883
141.853069 31.493800 -17.048537
142.130000 31.730000 -9.748994
>
141.578593 33.982636 -19.059396
141.607106 33.604946 -19.010845
141.931077 33.807451 -9.516235
141.578593 33.982636 -19.059396
>
140.816455 33.942923 -44.527803
140.427866 34.099806 -60.077748
140.507795 33.692313 -59.470104
140.816455 33.942923 -44.527803
>
141.354230 35.437060 -27.191619
141.214277 35.187206 -30.733332
141.521523 35.173438 -22.555527
141.354230 35.437060 -27.191619
>
141.272669 31.405740 -32.479049
141.277528 31.725352 -32.268426
140.958983 31.553399 -48.584367
141.272669 31.405740 -32.479049
>
140.902191 33.553285 -42.723438
140.816455 33.942923 -44.527803
140.507795 33.692313 -59.470104
140.902191 33.553285 -42.723438
>
141.908768 30.519797 -21.233661
141.947957 30.827489 -17.008400
141.593218 30.862867 -24.951034
141.908768 30.519797 -21.233661
>
141.275218 33.411021 -29.597817
141.225755 33.815870 -30.248038
140.902191 33.553285 -42.723438
141.275218 33.411021 -29.597817
>
142.288514 30.545359 -10.896971
141.947957 30.827489 -17.008400
141.908768 30.519797 -21.233661
142.288514 30.545359 -10.896971
>
141.101686 34.162315 -33.823010
140.755540 34.329649 -45.887022
140.816455 33.942923 -44.527803
141.101686 34.162315 -33.823010
>
142.235935 30.942721 -9.755745
141.947957 30.827489 -17.008400
142.288514 30.545359 -10.896971
142.235935 30.942721 -9.755745
>
140.183047 33.432940 -80.095308
140.507795 33.692313 -59.470104
140.119717 33.836664 -79.874744
140.183047 33.432940 -80.095308
>
140.712834 34.713363 -47.692056
140.364959 34.902700 -60.966250
140.353077 34.503619 -61.275867
140.712834 34.713363 -47.692056
>
141.230180 32.501253 -32.707088
141.368271 32.742802 -26.721851
141.079999 32.806205 -36.347360
141.230180 32.501253 -32.707088
>
139.833210 36.176497 -80.433471
140.128911 35.835820 -66.578508
140.193910 36.150390 -65.508546
139.833210 36.176497 -80.433471
>
141.296487 31.983238 -31.214760
141.109497 32.198105 -37.823811
141.009401 31.871016 -43.359388
141.296487 31.983238 -31.214760
>
140.993434 31.176861 -47.095438
141.272669 31.405740 -32.479049
140.958983 31.553399 -48.584367
140.993434 31.176861 -47.095438
>
140.993434 31.176861 -47.095438
140.958983 31.553399 -48.584367
140.642183 31.382657 -79.054665
140.993434 31.176861 -47.095438
>
140.650099 31.018514 -79.917779
140.993434 31.176861 -47.095438
140.642183 31.382657 -79.054665
140.650099 31.018514 -79.917779
>
141.121321 34.555869 -33.445958
140.712834 34.713363 -47.692056
140.755540 34.329649 -45.887022
141.121321 34.555869 -33.445958
>
141.593218 30.862867 -24.951034
141.196371 30.865901 -39.111005
141.338805 30.472300 -44.719022
141.593218 30.862867 -24.951034
>
141.987235 33.417141 -10.225075
141.669880 33.223879 -18.151130
142.006957 33.059370 -10.345719
141.987235 33.417141 -10.225075
>
142.179777 31.347760 -10.005711
141.880287 31.130195 -17.062571
142.235935 30.942721 -9.755745
142.179777 31.347760 -10.005711
>
141.578593 33.982636 -19.059396
141.324928 34.058453 -26.694892
141.225755 33.815870 -30.248038
141.578593 33.982636 -19.059396
>
141.079999 32.806205 -36.347360
140.986511 33.168047 -40.398447
140.714614 32.895794 -53.492147
141.079999 32.806205 -36.347360
>
140.104676 35.458366 -67.816981
140.128911 35.835820 -66.578508
139.801098 35.710865 -79.615505
140.104676 35.458366 -67.816981
>
139.801098 35.710865 -79.615505
140.128911 35.835820 -66.578508
139.833210 36.176497 -80.433471
139.801098 35.710865 -79.615505
>
141.121321 34.555869 -33.445958
141.002373 34.947578 -37.488780
140.712834 34.713363 -47.692056
141.121321 34.555869 -33.445958
>
142.006957 33.059370 -10.345719
141.675391 32.816330 -17.629198
142.019325 32.702799 -9.212580
142.006957 33.059370 -10.345719
>
141.214277 35.187206 -30.733332
141.338971 34.880933 -27.209639
141.521523 35.173438 -22.555527
141.214277 35.187206 -30.733332
>
141.669880 33.223879 -18.151130
141.675391 32.816330 -17.629198
142.006957 33.059370 -10.345719
141.669880 33.223879 -18.151130
>
140.986511 33.168047 -40.398447
140.601409 33.289537 -57.423798
140.714614 32.895794 -53.492147
140.986511 33.168047 -40.398447
>
140.939686 35.266999 -38.615073
140.686941 35.082146 -48.464933
141.002373 34.947578 -37.488780
140.939686 35.266999 -38.615073
>
141.672884 34.852148 -18.129461
141.492928 34.579708 -22.425981
141.784413 34.563811 -14.841040
141.672884 34.852148 -18.129461
>
140.439078 35.911881 -54.643947
140.680795 35.713428 -45.663652
140.740819 35.956067 -44.354060
140.439078 35.911881 -54.643947
>
140.755540 34.329649 -45.887022
140.427866 34.099806 -60.077748
140.816455 33.942923 -44.527803
140.755540 34.329649 -45.887022
>
142.034438 32.337184 -11.784684
141.792977 32.140977 -17.174530
142.091528 32.054737 -10.300365
142.034438 32.337184 -11.784684
>
141.478173 32.244027 -25.213911
141.553110 31.925951 -23.575031
141.792977 32.140977 -17.174530
141.478173 32.244027 -25.213911
>
141.230180 32.501253 -32.707088
141.509097 32.538345 -23.338196
141.368271 32.742802 -26.721851
141.230180 32.501253 -32.707088
>
141.883000 34.212700 -11.003277
141.644434 34.331222 -17.653716
141.578593 33.982636 -19.059396
141.883000 34.212700 -11.003277
>
141.672884 34.852148 -18.129461
141.338971 34.880933 -27.209639
141.492928 34.579708 -22.425981
141.672884 34.852148 -18.129461
>
141.553110 31.925951 -23.575031
141.296487 31.983238 -31.214760
141.277528 31.725352 -32.268426
141.553110 31.925951 -23.575031
>
142.091528 32.054737 -10.300365
141.830897 31.823484 -16.814883
142.130000 31.730000 -9.748994
142.091528 32.054737 -10.300365
>
141.853069 31.493800 -17.048537
141.880287 31.130195 -17.062571
142.179777 31.347760 -10.005711
141.853069 31.493800 -17.048537
>
142.034438 32.337184 -11.784684
141.769718 32.460478 -16.681242
141.792977 32.140977 -17.174530
142.034438 32.337184 -11.784684
>
141.769718 32.460478 -16.681242
141.478173 32.244027 -25.213911
141.792977 32.140977 -17.174530
141.769718 32.460478 -16.681242
>
141.272669 31.405740 -32.479049
141.561331 31.607379 -23.694712
141.277528 31.725352 -32.268426
141.272669 31.405740 -32.479049
>
140.485896 36.211451 -55.538050
140.193910 36.150390 -65.508546
140.439078 35.911881 -54.643947
140.485896 36.211451 -55.538050
>
140.712834 34.713363 -47.692056
140.686941 35.082146 -48.464933
140.364959 34.902700 -60.966250
140.712834 34.713363 -47.692056
>
141.296487 31.983238 -31.214760
141.009401 31.871016 -43.359388
141.277528 31.725352 -32.268426
141.296487 31.983238 -31.214760
>
140.675926 35.418685 -47.064551
140.939686 35.266999 -38.615073
140.929350 35.551388 -38.006608
140.675926 35.418685 -47.064551
>
140.760926 30.670204 -79.819906
140.909830 30.900494 -57.464372
140.650099 31.018514 -79.917779
140.760926 30.670204 -79.819906
>
141.196371 30.865901 -39.111005
141.327405 31.116145 -30.314128
140.993434 31.176861 -47.095438
141.196371 30.865901 -39.111005
>
141.853069 31.493800 -17.048537
141.581330 31.269354 -23.359817
141.880287 31.130195 -17.062571
141.853069 31.493800 -17.048537
>
141.561331 31.607379 -23.694712
141.581330 31.269354 -23.359817
141.853069 31.493800 -17.048537
141.561331 31.607379 -23.694712
>
141.002373 34.947578 -37.488780
140.686941 35.082146 -48.464933
140.712834 34.713363 -47.692056
141.002373 34.947578 -37.488780
>
140.193910 36.150390 -65.508546
140.128911 35.835820 -66.578508
140.439078 35.911881 -54.643947
140.193910 36.150390 -65.508546
>
139.785041 35.205092 -80.242675
140.107115 35.128698 -68.510352
140.104676 35.458366 -67.816981
139.785041 35.205092 -80.242675
>
141.792977 32.140977 -17.174530
141.830897 31.823484 -16.814883
142.091528 32.054737 -10.300365
141.792977 32.140977 -17.174530
>
141.880287 31.130195 -17.062571
141.581330 31.269354 -23.359817
141.593218 30.862867 -24.951034
141.880287 31.130195 -17.062571
>
141.578593 33.982636 -19.059396
141.644434 34.331222 -17.653716
141.398247 34.278383 -24.549171
141.578593 33.982636 -19.059396
>
141.784413 34.563811 -14.841040
141.644434 34.331222 -17.653716
141.883000 34.212700 -11.003277
141.784413 34.563811 -14.841040
>
139.872122 34.727889 -80.672385
140.107115 35.128698 -68.510352
139.785041 35.205092 -80.242675
139.872122 34.727889 -80.672385
>
140.993434 31.176861 -47.095438
140.909830 30.900494 -57.464372
141.196371 30.865901 -39.111005
140.993434 31.176861 -47.095438
>
141.553110 31.925951 -23.575031
141.830897 31.823484 -16.814883
141.792977 32.140977 -17.174530
141.553110 31.925951 -23.575031
>
140.286737 36.433882 -66.501327
140.193910 36.150390 -65.508546
140.485896 36.211451 -55.538050
140.286737 36.433882 -66.501327
>
140.993434 31.176861 -47.095438
141.327405 31.116145 -30.314128
141.272669 31.405740 -32.479049
140.993434 31.176861 -47.095438
>
141.225755 33.815870 -30.248038
141.324928 34.058453 -26.694892
141.101686 34.162315 -33.823010
141.225755 33.815870 -30.248038
>
141.202869 35.667730 -31.461261
141.128879 35.417228 -32.853717
141.354230 35.437060 -27.191619
141.202869 35.667730 -31.461261
>
141.492928 34.579708 -22.425981
141.644434 34.331222 -17.653716
141.784413 34.563811 -14.841040
141.492928 34.579708 -22.425981
>
141.009401 31.871016 -43.359388
141.109497 32.198105 -37.823811
140.806698 32.111062 -52.960041
141.009401 31.871016 -43.359388
>
141.354230 35.437060 -27.191619
141.128879 35.417228 -32.853717
141.214277 35.187206 -30.733332
141.354230 35.437060 -27.191619
>
140.104676 35.458366 -67.816981
140.401754 35.265590 -58.817865
140.404138 35.604128 -56.716529
140.104676 35.458366 -67.816981
>
141.398247 34.278383 -24.549171
141.644434 34.331222 -17.653716
141.492928 34.579708 -22.425981
141.398247 34.278383 -24.549171
>
140.871752 30.424803 -79.676268
141.015537 30.666740 -57.980679
140.760926 30.670204 -79.819906
140.871752 30.424803 -79.676268
>
140.675926 35.418685 -47.064551
140.686941 35.082146 -48.464933
140.939686 35.266999 -38.615073
140.675926 35.418685 -47.064551
>
140.929350 35.551388 -38.006608
141.128879 35.417228 -32.853717
141.202869 35.667730 -31.461261
140.929350 35.551388 -38.006608
>
141.593218 30.862867 -24.951034
141.327405 31.116145 -30.314128
141.196371 30.865901 -39.111005
141.593218 30.862867 -24.951034
>
141.272669 31.405740 -32.479049
141.581330 31.269354 -23.359817
141.561331 31.607379 -23.694712
141.272669 31.405740 -32.479049
>
141.581330 31.269354 -23.359817
141.327405 31.116145 -30.314128
141.593218 30.862867 -24.951034
141.581330 31.269354 -23.359817
>
141.478173 32.244027 -25.213911
141.296487 31.983238 -31.214760
141.553110 31.925951 -23.575031
141.478173 32.244027 -25.213911
>
141.880287 31.130195 -17.062571
141.947957 30.827489 -17.008400
142.235935 30.942721 -9.755745
141.880287 31.130195 -17.062571
>
141.593218 30.862867 -24.951034
141.947957 30.827489 -17.008400
141.880287 31.130195 -17.062571
141.593218 30.862867 -24.951034
>
141.196371 30.865901 -39.111005
141.015537 30.666740 -57.980679
141.338805 30.472300 -44.719022
141.196371 30.865901 -39.111005
>
141.277528 31.725352 -32.268426
141.009401 31.871016 -43.359388
140.958983 31.553399 -48.584367
141.277528 31.725352 -32.268426
>
140.675926 35.418685 -47.064551
140.401754 35.265590 -58.817865
140.686941 35.082146 -48.464933
140.675926 35.418685 -47.064551
>
140.650099 31.018514 -79.917779
140.909830 30.900494 -57.464372
140.993434 31.176861 -47.095438
140.650099 31.018514 -79.917779
>
140.104676 35.458366 -67.816981
140.404138 35.604128 -56.716529
140.128911 35.835820 -66.578508
140.104676 35.458366 -67.816981
>
141.214277 35.187206 -30.733332
141.128879 35.417228 -32.853717
140.939686 35.266999 -38.615073
141.214277 35.187206 -30.733332
>
141.015537 30.666740 -57.980679
140.909830 30.900494 -57.464372
140.760926 30.670204 -79.819906
141.015537 30.666740 -57.980679
>
140.939686 35.266999 -38.615073
141.128879 35.417228 -32.853717
140.929350 35.551388 -38.006608
140.939686 35.266999 -38.615073
>
140.128911 35.835820 -66.578508
140.404138 35.604128 -56.716529
140.439078 35.911881 -54.643947
140.128911 35.835820 -66.578508
>
141.769718 32.460478 -16.681242
141.509097 32.538345 -23.338196
141.478173 32.244027 -25.213911
141.769718 32.460478 -16.681242
>
140.686941 35.082146 -48.464933
140.401754 35.265590 -58.817865
140.364959 34.902700 -60.966250
140.686941 35.082146 -48.464933
>
140.439078 35.911881 -54.643947
140.404138 35.604128 -56.716529
140.680795 35.713428 -45.663652
140.439078 35.911881 -54.643947
>
141.101686 34.162315 -33.823010
141.324928 34.058453 -26.694892
141.398247 34.278383 -24.549171
141.101686 34.162315 -33.823010
>
141.272669 31.405740 -32.479049
141.327405 31.116145 -30.314128
141.581330 31.269354 -23.359817
141.272669 31.405740 -32.479049
>
141.398247 34.278383 -24.549171
141.324928 34.058453 -26.694892
141.578593 33.982636 -19.059396
141.398247 34.278383 -24.549171
>
140.364959 34.902700 -60.966250
140.401754 35.265590 -58.817865
140.107115 35.128698 -68.510352
140.364959 34.902700 -60.966250
>
140.107115 35.128698 -68.510352
140.401754 35.265590 -58.817865
140.104676 35.458366 -67.816981
140.107115 35.128698 -68.510352
>
141.196371 30.865901 -39.111005
140.909830 30.900494 -57.464372
141.015537 30.666740 -57.980679
141.196371 30.865901 -39.111005
>
140.023846 36.573932 -80.060320
140.193910 36.150390 -65.508546
140.286737 36.433882 -66.501327
140.023846 36.573932 -80.060320
