144.461120 40.773660
144.043379 41.224357
143.443646 41.738414
143.036685 42.316727
142.762927 42.714838
142.421827 42.584374
141.881753 42.388678
141.512228 41.958148
141.355890 41.331921
141.313253 40.823112
141.242191 40.249071
141.171128 39.675030
141.128491 39.153175
141.029003 38.670459
140.901091 38.200789
140.645266 37.652841
140.332654 37.095755
140.587578 36.749751
140.778771 36.387270
140.961997 36.099738
141.153190 35.753733
141.344383 35.407729
141.535575 35.037010
141.718802 34.649814
141.883000 34.212700
142.120000 34.830000
142.340000 35.400000
142.539427 35.926512
142.870000 36.320000
143.290000 36.860000
143.609750 37.250333
143.810000 37.870000
143.990000 38.460000
144.140604 38.981194
144.250000 39.580000
144.360000 40.200000
