142.762927 42.714838
143.036685 42.316727
143.443646 41.738414
144.043379 41.224357
144.461120 40.773660
144.982390 41.171590
145.569683 41.602876
146.115016 42.027286
146.779507 42.400754
147.449021 42.745782
148.095585 43.084267
148.729320 43.381928
149.387088 43.737738
150.115045 44.080193
150.749607 44.395449
150.455961 44.902209
150.150569 45.408970
149.997872 45.700087
149.504546 45.462880
148.811541 45.160980
148.189010 44.869863
147.531242 44.535616
146.979186 44.276845
146.521098 44.028856
145.969043 43.716174
145.487462 43.478967
144.947153 43.263324
144.453827 43.101592
143.925263 42.993771
143.408445 42.853603
