142.288514 30.545359
142.235935 30.942721
142.179777 31.347760
142.130000 31.730000
142.091528 32.054737
142.034438 32.337184
142.019325 32.702799
142.006957 33.059370
141.987235 33.417141
141.931077 33.807451
141.883000 34.212700
141.718802 34.649814
141.535575 35.037010
141.344383 35.407729
141.153190 35.753733
140.961997 36.099738
140.778771 36.387270
140.587578 36.749751
140.332654 37.095755
140.048341 36.622176
139.849367 36.087275
139.792517 35.695883
139.820942 35.200120
139.872122 34.727889
139.981590 34.234583
140.077861 33.770629
140.158087 33.299311
140.230290 32.872179
140.294471 32.415590
140.374696 32.003187
140.446900 31.598148
140.519103 31.193109
140.591306 30.788070
140.679554 30.390395
141.176954 30.456674
141.714467 30.500860
