150.749607 44.395449
150.455961 44.902209
150.150569 45.408970
149.997872 45.700087
149.504546 45.462880
148.811541 45.160980
148.189010 44.869863
147.531242 44.535616
146.979186 44.276845
146.521098 44.028856
145.969043 43.716174
145.487462 43.478967
144.947153 43.263324
144.453827 43.101592
143.925263 42.993771
143.408445 42.853603
142.762927 42.714838
142.421827 42.584374
141.881753 42.388678
141.512228 41.958148
141.355890 41.331921
141.313253 40.823112
141.242191 40.249071
141.171128 39.675030
141.128491 39.153175
141.029003 38.670459
140.901091 38.200789
140.645266 37.652841
140.332654 37.095755
140.587578 36.749751
140.778771 36.387270
140.961997 36.099738
141.153190 35.753733
141.344383 35.407729
141.535575 35.037010
141.718802 34.649814
141.883000 34.212700
142.120000 34.830000
142.340000 35.400000
142.539427 35.926512
142.870000 36.320000
143.290000 36.860000
143.609750 37.250333
143.810000 37.870000
143.990000 38.460000
144.140604 38.981194
144.250000 39.580000
144.360000 40.200000
144.461120 40.773660
144.982390 41.171590
145.569683 41.602876
146.115016 42.027286
146.779507 42.400754
147.449021 42.745782
148.095585 43.084267
148.729320 43.381928
149.387088 43.737738
150.115045 44.080193
