136.779000 32.954200
137.072224 33.062003
137.308701 33.230072
137.592330 33.356489
137.847472 33.530805
138.086035 33.719012
138.327724 33.895610
138.484017 34.085867
138.483129 34.307243
138.577802 34.562761
138.620987 34.832977
138.642000 35.106100
138.487390 35.248942
138.451376 35.429421
138.437497 35.587068
138.210254 35.463827
137.925392 35.255391
137.577998 35.074746
137.202814 34.970528
136.862368 34.859363
136.600000 34.650000
136.450000 34.200000
136.350000 33.850000
136.300000 33.550000
136.350000 33.250000
