124.730746 23.411937
124.679318 23.698897
124.615699 23.998817
124.570256 24.289648
124.524814 24.562303
124.461195 24.825869
124.424841 25.071258
124.158967 24.918280
123.887066 24.815675
123.558732 24.743853
123.184227 24.718201
122.809721 24.713071
122.445476 24.713071
122.132533 24.718201
121.860632 24.713071
121.855502 24.543774
121.809330 24.374477
121.983757 24.148748
122.137949 23.948531
122.389044 23.815284
122.666075 23.661378
122.975050 23.479133
123.353524 23.456169
123.733160 23.445909
124.036755 23.437578
124.384697 23.420258
