136.779000 32.954200
136.350000 33.250000
136.300000 33.550000
136.350000 33.850000
136.450000 34.200000
136.600000 34.650000
136.862368 34.859363
137.202814 34.970528
137.577998 35.074746
137.925392 35.255391
138.210254 35.463827
138.437497 35.587068
138.404551 35.730771
138.275481 35.866585
138.143341 36.001782
137.910690 35.823553
137.658040 35.748907
137.416875 35.737423
137.158483 35.771875
136.871381 35.794843
136.578537 35.794843
136.325888 35.697228
136.153626 35.507741
136.021560 35.266575
135.935429 35.019668
135.855041 34.784244
135.751684 34.560305
135.648327 34.445464
135.493292 34.405270
135.292321 34.445464
135.039671 34.571789
134.787021 34.715340
134.557340 34.870375
134.298948 35.031152
134.034815 35.157477
133.747713 35.209155
133.437643 35.209155
133.144799 35.117282
132.903633 34.973732
132.645241 34.778502
132.444270 34.560305
132.289235 34.342107
132.162910 34.106684
132.048069 33.865518
131.927487 33.578416
131.789678 33.256862
131.686321 32.992728
131.600190 32.763047
131.473866 32.464461
131.330315 32.154391
131.226958 31.890257
131.439206 31.834671
131.717290 31.760237
131.889634 31.608569
132.107530 31.410818
132.322425 31.211633
132.568319 31.002844
132.824000 30.754400
132.902806 31.034987
133.035121 31.102386
133.263259 31.322388
133.387000 31.553500
133.655840 31.689286
133.905723 31.833692
134.126687 31.959162
134.348578 32.096855
134.586050 32.188843
134.820578 32.301442
135.010961 32.458719
135.199000 32.624000
135.487550 32.653948
135.787922 32.688894
136.050270 32.745821
136.299633 32.803317
136.549827 32.866404
