>
143.036685 42.316727 -52.503856
143.408445 42.853603 -80.232048
142.762927 42.714838 -81.909959
143.036685 42.316727 -52.503856
>
144.369451 42.115347 -25.394672
144.976636 41.917970 -13.787457
144.700559 42.508746 -37.778722
144.369451 42.115347 -25.394672
>
148.774789 44.417297 -38.167133
148.189010 44.869863 -81.429090
148.006022 44.411580 -55.587057
148.774789 44.417297 -38.167133
>
148.168188 43.942027 -30.413827
148.774789 44.417297 -38.167133
148.006022 44.411580 -55.587057
148.168188 43.942027 -30.413827
>
144.976636 41.917970 -13.787457
145.217493 42.448116 -26.379190
144.700559 42.508746 -37.778722
144.976636 41.917970 -13.787457
>
146.115016 42.027286 -9.685775
146.779507 42.400754 -10.866605
146.180016 42.783981 -23.825252
146.115016 42.027286 -9.685775
>
144.461120 40.773660 -7.820903
144.982390 41.171590 -6.710455
144.475904 41.499340 -13.432738
144.461120 40.773660 -7.820903
>
143.408445 42.853603 -80.232048
143.036685 42.316727 -52.503856
143.430552 42.314001 -45.948993
143.408445 42.853603 -80.232048
>
144.043379 41.224357 -15.136423
144.461120 40.773660 -7.820903
144.475904 41.499340 -13.432738
144.043379 41.224357 -15.136423
>
148.811541 45.160980 -81.686461
148.189010 44.869863 -81.429090
148.774789 44.417297 -38.167133
148.811541 45.160980 -81.686461
>
146.115016 42.027286 -9.685775
146.180016 42.783981 -23.825252
145.740177 42.442606 -17.243585
146.115016 42.027286 -9.685775
>
150.150569 45.408970 -57.367511
149.997872 45.700087 -80.684550
149.813414 45.237491 -56.796455
150.150569 45.408970 -57.367511
>
146.521098 44.028856 -80.946592
145.969043 43.716174 -80.083797
146.492233 43.435756 -46.119126
146.521098 44.028856 -80.946592
>
143.036685 42.316727 -52.503856
143.443646 41.738414 -27.279170
143.430552 42.314001 -45.948993
143.036685 42.316727 -52.503856
>
150.455961 44.902209 -26.256190
150.150569 45.408970 -57.367511
150.065209 44.994023 -37.461752
150.455961 44.902209 -26.256190
>
148.168188 43.942027 -30.413827
147.502237 43.976656 -45.270990
147.747851 43.445702 -21.465437
148.168188 43.942027 -30.413827
>
146.180016 42.783981 -23.825252
146.779507 42.400754 -10.866605
146.820015 42.960124 -19.836586
146.180016 42.783981 -23.825252
>
143.443646 41.738414 -27.279170
143.833432 42.347261 -41.891332
143.430552 42.314001 -45.948993
143.443646 41.738414 -27.279170
>
146.492233 43.435756 -46.119126
146.180016 42.783981 -23.825252
146.820015 42.960124 -19.836586
146.492233 43.435756 -46.119126
>
143.925263 42.993771 -82.181108
143.408445 42.853603 -80.232048
143.833432 42.347261 -41.891332
143.925263 42.993771 -82.181108
>
149.997872 45.700087 -80.684550
149.504546 45.462880 -80.510207
149.813414 45.237491 -56.796455
149.997872 45.700087 -80.684550
>
147.156361 43.398406 -29.102360
147.449021 42.745782 -11.548450
147.747851 43.445702 -21.465437
147.156361 43.398406 -29.102360
>
149.504546 45.462880 -80.510207
148.811541 45.160980 -81.686461
149.324816 44.968678 -54.093472
149.504546 45.462880 -80.510207
>
143.443646 41.738414 -27.279170
144.043379 41.224357 -15.136423
144.022451 41.793118 -20.604242
143.443646 41.738414 -27.279170
>
144.982390 41.171590 -6.710455
145.569683 41.602876 -7.658913
144.976636 41.917970 -13.787457
144.982390 41.171590 -6.710455
>
148.168188 43.942027 -30.413827
147.747851 43.445702 -21.465437
148.286484 43.543823 -17.401579
148.168188 43.942027 -30.413827
>
147.449021 42.745782 -11.548450
147.156361 43.398406 -29.102360
146.820015 42.960124 -19.836586
147.449021 42.745782 -11.548450
>
145.487462 43.478967 -80.174895
144.947153 43.263324 -80.501824
145.416569 42.937957 -47.744107
145.487462 43.478967 -80.174895
>
148.811541 45.160980 -81.686461
148.774789 44.417297 -38.167133
149.324816 44.968678 -54.093472
148.811541 45.160980 -81.686461
>
147.502237 43.976656 -45.270990
148.168188 43.942027 -30.413827
148.006022 44.411580 -55.587057
147.502237 43.976656 -45.270990
>
147.531242 44.535616 -79.771890
146.979186 44.276845 -81.267782
147.502237 43.976656 -45.270990
147.531242 44.535616 -79.771890
>
146.180016 42.783981 -23.825252
145.416569 42.937957 -47.744107
145.740177 42.442606 -17.243585
146.180016 42.783981 -23.825252
>
148.189010 44.869863 -81.429090
147.531242 44.535616 -79.771890
148.006022 44.411580 -55.587057
148.189010 44.869863 -81.429090
>
143.833432 42.347261 -41.891332
143.443646 41.738414 -27.279170
144.022451 41.793118 -20.604242
143.833432 42.347261 -41.891332
>
145.416569 42.937957 -47.744107
146.180016 42.783981 -23.825252
145.909065 43.270567 -54.673703
145.416569 42.937957 -47.744107
>
148.774789 44.417297 -38.167133
148.168188 43.942027 -30.413827
148.691475 43.865191 -20.164232
148.774789 44.417297 -38.167133
>
146.492233 43.435756 -46.119126
145.969043 43.716174 -80.083797
145.909065 43.270567 -54.673703
146.492233 43.435756 -46.119126
>
144.982390 41.171590 -6.710455
144.976636 41.917970 -13.787457
144.475904 41.499340 -13.432738
144.982390 41.171590 -6.710455
>
148.774789 44.417297 -38.167133
149.563002 44.401153 -23.497624
149.324816 44.968678 -54.093472
148.774789 44.417297 -38.167133
>
146.180016 42.783981 -23.825252
146.492233 43.435756 -46.119126
145.909065 43.270567 -54.673703
146.180016 42.783981 -23.825252
>
146.521098 44.028856 -80.946592
146.492233 43.435756 -46.119126
146.926810 43.826414 -53.680321
146.521098 44.028856 -80.946592
>
147.531242 44.535616 -79.771890
147.502237 43.976656 -45.270990
148.006022 44.411580 -55.587057
147.531242 44.535616 -79.771890
>
143.833432 42.347261 -41.891332
143.408445 42.853603 -80.232048
143.430552 42.314001 -45.948993
143.833432 42.347261 -41.891332
>
149.387088 43.737738 -10.945186
150.115045 44.080193 -10.527851
149.563002 44.401153 -23.497624
149.387088 43.737738 -10.945186
>
144.976636 41.917970 -13.787457
144.369451 42.115347 -25.394672
144.475904 41.499340 -13.432738
144.976636 41.917970 -13.787457
>
144.947153 43.263324 -80.501824
144.453827 43.101592 -80.119762
144.980974 42.858780 -51.863970
144.947153 43.263324 -80.501824
>
144.369451 42.115347 -25.394672
143.833432 42.347261 -41.891332
144.022451 41.793118 -20.604242
144.369451 42.115347 -25.394672
>
147.449021 42.745782 -11.548450
148.095585 43.084267 -11.590511
147.747851 43.445702 -21.465437
147.449021 42.745782 -11.548450
>
149.387088 43.737738 -10.945186
148.774789 44.417297 -38.167133
148.691475 43.865191 -20.164232
149.387088 43.737738 -10.945186
>
144.453827 43.101592 -80.119762
144.700559 42.508746 -37.778722
144.980974 42.858780 -51.863970
144.453827 43.101592 -80.119762
>
143.925263 42.993771 -82.181108
143.833432 42.347261 -41.891332
144.234217 42.622574 -50.016325
143.925263 42.993771 -82.181108
>
148.774789 44.417297 -38.167133
149.387088 43.737738 -10.945186
149.563002 44.401153 -23.497624
148.774789 44.417297 -38.167133
>
150.115045 44.080193 -10.527851
150.749607 44.395449 -11.058540
150.128840 44.585526 -21.020816
150.115045 44.080193 -10.527851
>
145.487462 43.478967 -80.174895
145.416569 42.937957 -47.744107
145.909065 43.270567 -54.673703
145.487462 43.478967 -80.174895
>
143.833432 42.347261 -41.891332
144.369451 42.115347 -25.394672
144.234217 42.622574 -50.016325
143.833432 42.347261 -41.891332
>
149.563002 44.401153 -23.497624
149.777261 44.835919 -36.395519
149.324816 44.968678 -54.093472
149.563002 44.401153 -23.497624
>
144.453827 43.101592 -80.119762
143.925263 42.993771 -82.181108
144.234217 42.622574 -50.016325
144.453827 43.101592 -80.119762
>
144.700559 42.508746 -37.778722
144.453827 43.101592 -80.119762
144.234217 42.622574 -50.016325
144.700559 42.508746 -37.778722
>
145.416569 42.937957 -47.744107
145.217493 42.448116 -26.379190
145.740177 42.442606 -17.243585
145.416569 42.937957 -47.744107
>
148.729320 43.381928 -10.917117
149.387088 43.737738 -10.945186
148.691475 43.865191 -20.164232
148.729320 43.381928 -10.917117
>
147.502237 43.976656 -45.270990
146.979186 44.276845 -81.267782
146.926810 43.826414 -53.680321
147.502237 43.976656 -45.270990
>
146.492233 43.435756 -46.119126
147.156361 43.398406 -29.102360
146.926810 43.826414 -53.680321
146.492233 43.435756 -46.119126
>
150.749607 44.395449 -11.058540
150.455961 44.902209 -26.256190
150.128840 44.585526 -21.020816
150.749607 44.395449 -11.058540
>
145.217493 42.448116 -26.379190
144.976636 41.917970 -13.787457
145.520973 42.079776 -13.090440
145.217493 42.448116 -26.379190
>
149.777261 44.835919 -36.395519
149.563002 44.401153 -23.497624
150.128840 44.585526 -21.020816
149.777261 44.835919 -36.395519
>
146.779507 42.400754 -10.866605
147.449021 42.745782 -11.548450
146.820015 42.960124 -19.836586
146.779507 42.400754 -10.866605
>
147.156361 43.398406 -29.102360
146.492233 43.435756 -46.119126
146.820015 42.960124 -19.836586
147.156361 43.398406 -29.102360
>
144.369451 42.115347 -25.394672
144.700559 42.508746 -37.778722
144.234217 42.622574 -50.016325
144.369451 42.115347 -25.394672
>
149.563002 44.401153 -23.497624
150.115045 44.080193 -10.527851
150.128840 44.585526 -21.020816
149.563002 44.401153 -23.497624
>
144.976636 41.917970 -13.787457
145.569683 41.602876 -7.658913
145.520973 42.079776 -13.090440
144.976636 41.917970 -13.787457
>
145.569683 41.602876 -7.658913
146.115016 42.027286 -9.685775
145.520973 42.079776 -13.090440
145.569683 41.602876 -7.658913
>
147.156361 43.398406 -29.102360
147.502237 43.976656 -45.270990
146.926810 43.826414 -53.680321
147.156361 43.398406 -29.102360
>
147.502237 43.976656 -45.270990
147.156361 43.398406 -29.102360
147.747851 43.445702 -21.465437
147.502237 43.976656 -45.270990
>
144.043379 41.224357 -15.136423
144.475904 41.499340 -13.432738
144.022451 41.793118 -20.604242
144.043379 41.224357 -15.136423
>
149.504546 45.462880 -80.510207
149.324816 44.968678 -54.093472
149.813414 45.237491 -56.796455
149.504546 45.462880 -80.510207
>
144.475904 41.499340 -13.432738
144.369451 42.115347 -25.394672
144.022451 41.793118 -20.604242
144.475904 41.499340 -13.432738
>
145.969043 43.716174 -80.083797
145.487462 43.478967 -80.174895
145.909065 43.270567 -54.673703
145.969043 43.716174 -80.083797
>
148.095585 43.084267 -11.590511
148.729320 43.381928 -10.917117
148.286484 43.543823 -17.401579
148.095585 43.084267 -11.590511
>
146.979186 44.276845 -81.267782
146.521098 44.028856 -80.946592
146.926810 43.826414 -53.680321
146.979186 44.276845 -81.267782
>
144.700559 42.508746 -37.778722
145.217493 42.448116 -26.379190
144.980974 42.858780 -51.863970
144.700559 42.508746 -37.778722
>
145.416569 42.937957 -47.744107
144.947153 43.263324 -80.501824
144.980974 42.858780 -51.863970
145.416569 42.937957 -47.744107
>
145.217493 42.448116 -26.379190
145.416569 42.937957 -47.744107
144.980974 42.858780 -51.863970
145.217493 42.448116 -26.379190
>
149.324816 44.968678 -54.093472
149.777261 44.835919 -36.395519
149.813414 45.237491 -56.796455
149.324816 44.968678 -54.093472
>
146.115016 42.027286 -9.685775
145.740177 42.442606 -17.243585
145.520973 42.079776 -13.090440
146.115016 42.027286 -9.685775
>
147.747851 43.445702 -21.465437
148.095585 43.084267 -11.590511
148.286484 43.543823 -17.401579
147.747851 43.445702 -21.465437
>
150.150569 45.408970 -57.367511
149.813414 45.237491 -56.796455
150.065209 44.994023 -37.461752
150.150569 45.408970 -57.367511
>
145.740177 42.442606 -17.243585
145.217493 42.448116 -26.379190
145.520973 42.079776 -13.090440
145.740177 42.442606 -17.243585
>
148.691475 43.865191 -20.164232
148.168188 43.942027 -30.413827
148.286484 43.543823 -17.401579
148.691475 43.865191 -20.164232
>
150.065209 44.994023 -37.461752
149.777261 44.835919 -36.395519
150.128840 44.585526 -21.020816
150.065209 44.994023 -37.461752
>
150.455961 44.902209 -26.256190
150.065209 44.994023 -37.461752
150.128840 44.585526 -21.020816
150.455961 44.902209 -26.256190
>
148.729320 43.381928 -10.917117
148.691475 43.865191 -20.164232
148.286484 43.543823 -17.401579
148.729320 43.381928 -10.917117
>
149.813414 45.237491 -56.796455
149.777261 44.835919 -36.395519
150.065209 44.994023 -37.461752
149.813414 45.237491 -56.796455
>
143.609750 37.250333 -7.478983
143.810000 37.870000 -7.972540
143.086737 37.757648 -14.874205
143.609750 37.250333 -7.478983
>
141.978690 36.710859 -21.659553
142.226092 36.261980 -15.694951
142.451093 36.764477 -16.677674
141.978690 36.710859 -21.659553
>
142.707890 40.691877 -26.083154
143.320532 40.768022 -18.141765
142.968957 41.303769 -26.651198
142.707890 40.691877 -26.083154
>
142.707890 40.691877 -26.083154
142.128107 40.844634 -42.870961
142.276866 40.278281 -36.046228
142.707890 40.691877 -26.083154
>
141.978690 36.710859 -21.659553
142.451093 36.764477 -16.677674
142.148283 37.098057 -22.353604
141.978690 36.710859 -21.659553
>
142.539427 35.926512 -7.659354
142.870000 36.320000 -7.330340
142.226092 36.261980 -15.694951
142.539427 35.926512 -7.659354
>
142.462762 38.648199 -30.260137
142.204758 38.089450 -33.627314
142.649274 38.126279 -23.544676
142.462762 38.648199 -30.260137
>
142.226092 36.261980 -15.694951
142.870000 36.320000 -7.330340
142.451093 36.764477 -16.677674
142.226092 36.261980 -15.694951
>
141.556288 37.685766 -46.631022
141.517931 38.174941 -53.883651
141.133508 37.869922 -64.629406
141.556288 37.685766 -46.631022
>
142.128107 40.844634 -42.870961
141.727413 40.451061 -58.429618
142.276866 40.278281 -36.046228
142.128107 40.844634 -42.870961
>
142.615660 37.307617 -18.205174
143.086737 37.757648 -14.874205
142.456295 37.740803 -23.833998
142.615660 37.307617 -18.205174
>
142.033596 37.570169 -31.850943
141.660991 37.140292 -34.306453
142.148283 37.098057 -22.353604
142.033596 37.570169 -31.850943
>
142.870000 36.320000 -7.330340
143.290000 36.860000 -7.986980
142.862131 36.896504 -11.134521
142.870000 36.320000 -7.330340
>
143.320532 40.768022 -18.141765
142.707890 40.691877 -26.083154
143.079934 40.383374 -19.029128
143.320532 40.768022 -18.141765
>
141.768921 35.987697 -18.935654
141.538921 36.289659 -25.494129
141.349193 36.042937 -27.185313
141.768921 35.987697 -18.935654
>
141.133508 37.869922 -64.629406
141.517931 38.174941 -53.883651
141.208475 38.369328 -69.012070
141.133508 37.869922 -64.629406
>
143.027393 38.393695 -18.274246
142.462762 38.648199 -30.260137
142.649274 38.126279 -23.544676
143.027393 38.393695 -18.274246
>
143.609750 37.250333 -7.478983
143.086737 37.757648 -14.874205
143.083901 37.230428 -11.165576
143.609750 37.250333 -7.478983
>
142.204758 38.089450 -33.627314
142.462762 38.648199 -30.260137
141.911223 38.434534 -44.491734
142.204758 38.089450 -33.627314
>
141.517931 38.174941 -53.883651
141.556288 37.685766 -46.631022
141.820728 37.966139 -42.765468
141.517931 38.174941 -53.883651
>
144.140604 38.981194 -7.446384
143.698985 39.418141 -12.829069
143.734382 38.924311 -11.612104
144.140604 38.981194 -7.446384
>
141.483347 35.732882 -20.895081
141.768921 35.987697 -18.935654
141.349193 36.042937 -27.185313
141.483347 35.732882 -20.895081
>
143.086737 37.757648 -14.874205
142.615660 37.307617 -18.205174
143.083901 37.230428 -11.165576
143.086737 37.757648 -14.874205
>
142.033596 37.570169 -31.850943
141.556288 37.685766 -46.631022
141.660991 37.140292 -34.306453
142.033596 37.570169 -31.850943
>
142.128107 40.844634 -42.870961
142.707890 40.691877 -26.083154
142.432491 41.220128 -37.099017
142.128107 40.844634 -42.870961
>
142.226092 36.261980 -15.694951
141.768921 35.987697 -18.935654
142.134649 35.810510 -10.601565
142.226092 36.261980 -15.694951
>
143.086737 37.757648 -14.874205
143.027393 38.393695 -18.274246
142.649274 38.126279 -23.544676
143.086737 37.757648 -14.874205
>
142.120000 34.830000 -8.370060
142.340000 35.400000 -6.861820
141.879580 35.079725 -10.162946
142.120000 34.830000 -8.370060
>
144.140604 38.981194 -7.446384
144.250000 39.580000 -7.432840
143.698985 39.418141 -12.829069
144.140604 38.981194 -7.446384
>
143.086737 37.757648 -14.874205
142.649274 38.126279 -23.544676
142.456295 37.740803 -23.833998
143.086737 37.757648 -14.874205
>
141.344383 35.407729 -21.038703
141.535575 35.037010 -15.840839
141.798808 35.476361 -14.765146
141.344383 35.407729 -21.038703
>
141.660991 37.140292 -34.306453
141.978690 36.710859 -21.659553
142.148283 37.098057 -22.353604
141.660991 37.140292 -34.306453
>
140.645266 37.652841 -81.307378
140.332654 37.095755 -80.473874
140.810191 37.104368 -60.847399
140.645266 37.652841 -81.307378
>
143.027393 38.393695 -18.274246
143.086737 37.757648 -14.874205
143.469206 38.229263 -12.427546
143.027393 38.393695 -18.274246
>
141.538921 36.289659 -25.494129
141.768921 35.987697 -18.935654
141.818081 36.361781 -21.014988
141.538921 36.289659 -25.494129
>
142.462762 38.648199 -30.260137
141.917721 38.895923 -46.546782
141.911223 38.434534 -44.491734
142.462762 38.648199 -30.260137
>
141.768921 35.987697 -18.935654
142.226092 36.261980 -15.694951
141.818081 36.361781 -21.014988
141.768921 35.987697 -18.935654
>
142.539427 35.926512 -7.659354
142.226092 36.261980 -15.694951
142.134649 35.810510 -10.601565
142.539427 35.926512 -7.659354
>
141.917721 38.895923 -46.546782
142.462762 38.648199 -30.260137
142.273683 39.013741 -36.738269
141.917721 38.895923 -46.546782
>
141.512228 41.958148 -81.152596
141.355890 41.331921 -80.477963
141.936814 41.431574 -58.353585
141.512228 41.958148 -81.152596
>
141.313253 40.823112 -79.957568
141.242191 40.249071 -80.740362
141.727413 40.451061 -58.429618
141.313253 40.823112 -79.957568
>
141.477367 38.723956 -61.585508
141.517931 38.174941 -53.883651
141.911223 38.434534 -44.491734
141.477367 38.723956 -61.585508
>
144.043379 41.224357 -15.136423
143.443646 41.738414 -27.279170
143.545505 41.156809 -18.137995
144.043379 41.224357 -15.136423
>
143.371390 39.929800 -16.154623
142.751692 40.025484 -24.041223
143.075156 39.515657 -18.311711
143.371390 39.929800 -16.154623
>
142.565739 39.190009 -28.626832
143.075156 39.515657 -18.311711
142.442120 39.655963 -30.980663
142.565739 39.190009 -28.626832
>
143.371390 39.929800 -16.154623
143.669900 40.322821 -14.478185
143.079934 40.383374 -19.029128
143.371390 39.929800 -16.154623
>
141.171128 39.675030 -81.283739
141.128491 39.153175 -79.950009
141.628728 39.369332 -59.582732
141.171128 39.675030 -81.283739
>
143.669900 40.322821 -14.478185
143.320532 40.768022 -18.141765
143.079934 40.383374 -19.029128
143.669900 40.322821 -14.478185
>
143.075156 39.515657 -18.311711
142.751692 40.025484 -24.041223
142.442120 39.655963 -30.980663
143.075156 39.515657 -18.311711
>
140.332654 37.095755 -80.473874
140.587578 36.749751 -60.811172
140.810191 37.104368 -60.847399
140.332654 37.095755 -80.473874
>
141.628728 39.369332 -59.582732
141.128491 39.153175 -79.950009
141.477367 38.723956 -61.585508
141.628728 39.369332 -59.582732
>
142.276866 40.278281 -36.046228
142.007777 39.862877 -45.342831
142.442120 39.655963 -30.980663
142.276866 40.278281 -36.046228
>
142.751692 40.025484 -24.041223
142.276866 40.278281 -36.046228
142.442120 39.655963 -30.980663
142.751692 40.025484 -24.041223
>
143.443646 41.738414 -27.279170
143.036685 42.316727 -52.503856
142.913185 41.804414 -36.308235
143.443646 41.738414 -27.279170
>
142.007777 39.862877 -45.342831
141.727413 40.451061 -58.429618
141.554994 39.924432 -64.367456
142.007777 39.862877 -45.342831
>
142.226092 36.261980 -15.694951
141.978690 36.710859 -21.659553
141.818081 36.361781 -21.014988
142.226092 36.261980 -15.694951
>
141.917721 38.895923 -46.546782
141.628728 39.369332 -59.582732
141.477367 38.723956 -61.585508
141.917721 38.895923 -46.546782
>
142.418664 41.745866 -45.901403
141.936814 41.431574 -58.353585
142.432491 41.220128 -37.099017
142.418664 41.745866 -45.901403
>
142.007777 39.862877 -45.342831
141.628728 39.369332 -59.582732
142.143619 39.349928 -40.497881
142.007777 39.862877 -45.342831
>
143.027393 38.393695 -18.274246
143.431898 38.664970 -14.653032
142.974623 38.918758 -19.861795
143.027393 38.393695 -18.274246
>
143.431898 38.664970 -14.653032
143.383009 39.088367 -15.662259
142.974623 38.918758 -19.861795
143.431898 38.664970 -14.653032
>
142.421827 42.584374 -79.841843
141.881753 42.388678 -82.623690
142.343391 42.191373 -62.305748
142.421827 42.584374 -79.841843
>
143.086737 37.757648 -14.874205
143.810000 37.870000 -7.972540
143.469206 38.229263 -12.427546
143.086737 37.757648 -14.874205
>
142.707890 40.691877 -26.083154
142.968957 41.303769 -26.651198
142.432491 41.220128 -37.099017
142.707890 40.691877 -26.083154
>
140.901091 38.200789 -80.101982
141.133508 37.869922 -64.629406
141.208475 38.369328 -69.012070
140.901091 38.200789 -80.101982
>
142.751692 40.025484 -24.041223
143.371390 39.929800 -16.154623
143.079934 40.383374 -19.029128
142.751692 40.025484 -24.041223
>
142.451093 36.764477 -16.677674
142.870000 36.320000 -7.330340
142.862131 36.896504 -11.134521
142.451093 36.764477 -16.677674
>
142.565739 39.190009 -28.626832
142.462762 38.648199 -30.260137
142.974623 38.918758 -19.861795
142.565739 39.190009 -28.626832
>
143.075156 39.515657 -18.311711
142.565739 39.190009 -28.626832
142.974623 38.918758 -19.861795
143.075156 39.515657 -18.311711
>
141.313253 40.823112 -79.957568
141.727413 40.451061 -58.429618
141.692295 40.976460 -63.395183
141.313253 40.823112 -79.957568
>
142.707890 40.691877 -26.083154
142.751692 40.025484 -24.041223
143.079934 40.383374 -19.029128
142.707890 40.691877 -26.083154
>
140.810191 37.104368 -60.847399
140.587578 36.749751 -60.811172
140.917318 36.717388 -48.620653
140.810191 37.104368 -60.847399
>
142.462762 38.648199 -30.260137
143.027393 38.393695 -18.274246
142.974623 38.918758 -19.861795
142.462762 38.648199 -30.260137
>
143.383009 39.088367 -15.662259
143.075156 39.515657 -18.311711
142.974623 38.918758 -19.861795
143.383009 39.088367 -15.662259
>
141.818081 36.361781 -21.014988
141.978690 36.710859 -21.659553
141.567600 36.638565 -28.955897
141.818081 36.361781 -21.014988
>
142.751692 40.025484 -24.041223
142.707890 40.691877 -26.083154
142.276866 40.278281 -36.046228
142.751692 40.025484 -24.041223
>
141.344383 35.407729 -21.038703
141.798808 35.476361 -14.765146
141.483347 35.732882 -20.895081
141.344383 35.407729 -21.038703
>
143.290000 36.860000 -7.986980
143.609750 37.250333 -7.478983
143.083901 37.230428 -11.165576
143.290000 36.860000 -7.986980
>
141.917721 38.895923 -46.546782
141.477367 38.723956 -61.585508
141.911223 38.434534 -44.491734
141.917721 38.895923 -46.546782
>
142.968957 41.303769 -26.651198
143.320532 40.768022 -18.141765
143.545505 41.156809 -18.137995
142.968957 41.303769 -26.651198
>
141.936814 41.431574 -58.353585
142.128107 40.844634 -42.870961
142.432491 41.220128 -37.099017
141.936814 41.431574 -58.353585
>
142.418664 41.745866 -45.901403
142.968957 41.303769 -26.651198
142.913185 41.804414 -36.308235
142.418664 41.745866 -45.901403
>
141.727413 40.451061 -58.429618
142.007777 39.862877 -45.342831
142.276866 40.278281 -36.046228
141.727413 40.451061 -58.429618
>
142.968957 41.303769 -26.651198
142.418664 41.745866 -45.901403
142.432491 41.220128 -37.099017
142.968957 41.303769 -26.651198
>
142.340000 35.400000 -6.861820
141.798808 35.476361 -14.765146
141.879580 35.079725 -10.162946
142.340000 35.400000 -6.861820
>
141.628728 39.369332 -59.582732
142.007777 39.862877 -45.342831
141.554994 39.924432 -64.367456
141.628728 39.369332 -59.582732
>
143.383009 39.088367 -15.662259
143.698985 39.418141 -12.829069
143.075156 39.515657 -18.311711
143.383009 39.088367 -15.662259
>
143.810000 37.870000 -7.972540
143.990000 38.460000 -7.733000
143.469206 38.229263 -12.427546
143.810000 37.870000 -7.972540
>
144.360000 40.200000 -7.432900
144.461120 40.773660 -7.820903
143.951008 40.749483 -13.260471
144.360000 40.200000 -7.432900
>
142.462762 38.648199 -30.260137
142.565739 39.190009 -28.626832
142.273683 39.013741 -36.738269
142.462762 38.648199 -30.260137
>
141.628728 39.369332 -59.582732
141.917721 38.895923 -46.546782
142.143619 39.349928 -40.497881
141.628728 39.369332 -59.582732
>
141.727413 40.451061 -58.429618
142.128107 40.844634 -42.870961
141.692295 40.976460 -63.395183
141.727413 40.451061 -58.429618
>
141.517931 38.174941 -53.883651
141.477367 38.723956 -61.585508
141.208475 38.369328 -69.012070
141.517931 38.174941 -53.883651
>
143.990000 38.460000 -7.733000
143.431898 38.664970 -14.653032
143.469206 38.229263 -12.427546
143.990000 38.460000 -7.733000
>
141.219589 36.905614 -42.715346
140.810191 37.104368 -60.847399
140.917318 36.717388 -48.620653
141.219589 36.905614 -42.715346
>
143.669900 40.322821 -14.478185
144.360000 40.200000 -7.432900
143.951008 40.749483 -13.260471
143.669900 40.322821 -14.478185
>
141.727413 40.451061 -58.429618
141.242191 40.249071 -80.740362
141.554994 39.924432 -64.367456
141.727413 40.451061 -58.429618
>
143.036685 42.316727 -52.503856
142.762927 42.714838 -81.909959
142.649059 42.396248 -64.254701
143.036685 42.316727 -52.503856
>
143.036685 42.316727 -52.503856
142.671021 42.089215 -50.305495
142.913185 41.804414 -36.308235
143.036685 42.316727 -52.503856
>
141.171128 39.675030 -81.283739
141.628728 39.369332 -59.582732
141.554994 39.924432 -64.367456
141.171128 39.675030 -81.283739
>
140.810191 37.104368 -60.847399
141.219589 36.905614 -42.715346
141.170972 37.393134 -53.704790
140.810191 37.104368 -60.847399
>
142.451093 36.764477 -16.677674
142.615660 37.307617 -18.205174
142.148283 37.098057 -22.353604
142.451093 36.764477 -16.677674
>
142.615660 37.307617 -18.205174
142.451093 36.764477 -16.677674
142.862131 36.896504 -11.134521
142.615660 37.307617 -18.205174
>
143.698985 39.418141 -12.829069
143.371390 39.929800 -16.154623
143.075156 39.515657 -18.311711
143.698985 39.418141 -12.829069
>
141.535575 35.037010 -15.840839
141.718802 34.649814 -11.722479
141.879580 35.079725 -10.162946
141.535575 35.037010 -15.840839
>
140.901091 38.200789 -80.101982
140.645266 37.652841 -81.307378
141.133508 37.869922 -64.629406
140.901091 38.200789 -80.101982
>
141.798808 35.476361 -14.765146
141.768921 35.987697 -18.935654
141.483347 35.732882 -20.895081
141.798808 35.476361 -14.765146
>
141.768921 35.987697 -18.935654
141.798808 35.476361 -14.765146
142.134649 35.810510 -10.601565
141.768921 35.987697 -18.935654
>
141.718802 34.649814 -11.722479
142.120000 34.830000 -8.370060
141.879580 35.079725 -10.162946
141.718802 34.649814 -11.722479
>
143.698985 39.418141 -12.829069
143.383009 39.088367 -15.662259
143.734382 38.924311 -11.612104
143.698985 39.418141 -12.829069
>
141.219589 36.905614 -42.715346
141.190463 36.439938 -35.986007
141.567600 36.638565 -28.955897
141.219589 36.905614 -42.715346
>
140.778771 36.387270 -47.398927
140.961997 36.099738 -37.935396
141.190463 36.439938 -35.986007
140.778771 36.387270 -47.398927
>
141.936814 41.431574 -58.353585
142.418664 41.745866 -45.901403
142.018023 41.943859 -63.913444
141.936814 41.431574 -58.353585
>
141.128491 39.153175 -79.950009
141.029003 38.670459 -80.313505
141.477367 38.723956 -61.585508
141.128491 39.153175 -79.950009
>
143.320532 40.768022 -18.141765
143.951008 40.749483 -13.260471
143.545505 41.156809 -18.137995
143.320532 40.768022 -18.141765
>
141.556288 37.685766 -46.631022
142.033596 37.570169 -31.850943
141.820728 37.966139 -42.765468
141.556288 37.685766 -46.631022
>
140.645266 37.652841 -81.307378
140.810191 37.104368 -60.847399
141.170972 37.393134 -53.704790
140.645266 37.652841 -81.307378
>
141.798808 35.476361 -14.765146
141.535575 35.037010 -15.840839
141.879580 35.079725 -10.162946
141.798808 35.476361 -14.765146
>
141.219589 36.905614 -42.715346
141.660991 37.140292 -34.306453
141.170972 37.393134 -53.704790
141.219589 36.905614 -42.715346
>
141.538921 36.289659 -25.494129
141.818081 36.361781 -21.014988
141.567600 36.638565 -28.955897
141.538921 36.289659 -25.494129
>
141.190463 36.439938 -35.986007
141.538921 36.289659 -25.494129
141.567600 36.638565 -28.955897
141.190463 36.439938 -35.986007
>
141.911223 38.434534 -44.491734
141.517931 38.174941 -53.883651
141.820728 37.966139 -42.765468
141.911223 38.434534 -44.491734
>
141.936814 41.431574 -58.353585
141.355890 41.331921 -80.477963
141.692295 40.976460 -63.395183
141.936814 41.431574 -58.353585
>
142.033596 37.570169 -31.850943
142.204758 38.089450 -33.627314
141.820728 37.966139 -42.765468
142.033596 37.570169 -31.850943
>
142.421827 42.584374 -79.841843
142.343391 42.191373 -62.305748
142.649059 42.396248 -64.254701
142.421827 42.584374 -79.841843
>
141.477367 38.723956 -61.585508
141.029003 38.670459 -80.313505
141.208475 38.369328 -69.012070
141.477367 38.723956 -61.585508
>
143.990000 38.460000 -7.733000
144.140604 38.981194 -7.446384
143.734382 38.924311 -11.612104
143.990000 38.460000 -7.733000
>
140.587578 36.749751 -60.811172
140.778771 36.387270 -47.398927
140.917318 36.717388 -48.620653
140.587578 36.749751 -60.811172
>
142.615660 37.307617 -18.205174
142.033596 37.570169 -31.850943
142.148283 37.098057 -22.353604
142.615660 37.307617 -18.205174
>
142.968957 41.303769 -26.651198
143.443646 41.738414 -27.279170
142.913185 41.804414 -36.308235
142.968957 41.303769 -26.651198
>
143.669900 40.322821 -14.478185
143.371390 39.929800 -16.154623
143.936533 39.906250 -10.318549
143.669900 40.322821 -14.478185
>
140.961997 36.099738 -37.935396
141.153190 35.753733 -29.177132
141.349193 36.042937 -27.185313
140.961997 36.099738 -37.935396
>
142.204758 38.089450 -33.627314
142.033596 37.570169 -31.850943
142.456295 37.740803 -23.833998
142.204758 38.089450 -33.627314
>
141.133508 37.869922 -64.629406
140.645266 37.652841 -81.307378
141.170972 37.393134 -53.704790
141.133508 37.869922 -64.629406
>
142.418664 41.745866 -45.901403
142.343391 42.191373 -62.305748
142.018023 41.943859 -63.913444
142.418664 41.745866 -45.901403
>
143.443646 41.738414 -27.279170
142.968957 41.303769 -26.651198
143.545505 41.156809 -18.137995
143.443646 41.738414 -27.279170
>
141.153190 35.753733 -29.177132
141.344383 35.407729 -21.038703
141.483347 35.732882 -20.895081
141.153190 35.753733 -29.177132
>
141.190463 36.439938 -35.986007
140.961997 36.099738 -37.935396
141.349193 36.042937 -27.185313
141.190463 36.439938 -35.986007
>
143.951008 40.749483 -13.260471
144.043379 41.224357 -15.136423
143.545505 41.156809 -18.137995
143.951008 40.749483 -13.260471
>
142.204758 38.089450 -33.627314
141.911223 38.434534 -44.491734
141.820728 37.966139 -42.765468
142.204758 38.089450 -33.627314
>
142.033596 37.570169 -31.850943
142.615660 37.307617 -18.205174
142.456295 37.740803 -23.833998
142.033596 37.570169 -31.850943
>
143.371390 39.929800 -16.154623
143.698985 39.418141 -12.829069
143.936533 39.906250 -10.318549
143.371390 39.929800 -16.154623
>
142.340000 35.400000 -6.861820
142.539427 35.926512 -7.659354
142.134649 35.810510 -10.601565
142.340000 35.400000 -6.861820
>
141.242191 40.249071 -80.740362
141.171128 39.675030 -81.283739
141.554994 39.924432 -64.367456
141.242191 40.249071 -80.740362
>
143.083901 37.230428 -11.165576
142.615660 37.307617 -18.205174
142.862131 36.896504 -11.134521
143.083901 37.230428 -11.165576
>
141.798808 35.476361 -14.765146
142.340000 35.400000 -6.861820
142.134649 35.810510 -10.601565
141.798808 35.476361 -14.765146
>
143.431898 38.664970 -14.653032
143.990000 38.460000 -7.733000
143.734382 38.924311 -11.612104
143.431898 38.664970 -14.653032
>
144.250000 39.580000 -7.432840
144.360000 40.200000 -7.432900
143.936533 39.906250 -10.318549
144.250000 39.580000 -7.432840
>
142.128107 40.844634 -42.870961
141.936814 41.431574 -58.353585
141.692295 40.976460 -63.395183
142.128107 40.844634 -42.870961
>
142.418664 41.745866 -45.901403
142.671021 42.089215 -50.305495
142.343391 42.191373 -62.305748
142.418664 41.745866 -45.901403
>
141.190463 36.439938 -35.986007
141.219589 36.905614 -42.715346
140.917318 36.717388 -48.620653
141.190463 36.439938 -35.986007
>
144.461120 40.773660 -7.820903
144.043379 41.224357 -15.136423
143.951008 40.749483 -13.260471
144.461120 40.773660 -7.820903
>
142.671021 42.089215 -50.305495
142.418664 41.745866 -45.901403
142.913185 41.804414 -36.308235
142.671021 42.089215 -50.305495
>
143.320532 40.768022 -18.141765
143.669900 40.322821 -14.478185
143.951008 40.749483 -13.260471
143.320532 40.768022 -18.141765
>
140.778771 36.387270 -47.398927
141.190463 36.439938 -35.986007
140.917318 36.717388 -48.620653
140.778771 36.387270 -47.398927
>
141.153190 35.753733 -29.177132
141.483347 35.732882 -20.895081
141.349193 36.042937 -27.185313
141.153190 35.753733 -29.177132
>
142.649274 38.126279 -23.544676
142.204758 38.089450 -33.627314
142.456295 37.740803 -23.833998
142.649274 38.126279 -23.544676
>
141.660991 37.140292 -34.306453
141.219589 36.905614 -42.715346
141.567600 36.638565 -28.955897
141.660991 37.140292 -34.306453
>
141.881753 42.388678 -82.623690
141.512228 41.958148 -81.152596
142.018023 41.943859 -63.913444
141.881753 42.388678 -82.623690
>
143.431898 38.664970 -14.653032
143.027393 38.393695 -18.274246
143.469206 38.229263 -12.427546
143.431898 38.664970 -14.653032
>
142.007777 39.862877 -45.342831
142.143619 39.349928 -40.497881
142.442120 39.655963 -30.980663
142.007777 39.862877 -45.342831
>
142.565739 39.190009 -28.626832
142.143619 39.349928 -40.497881
142.273683 39.013741 -36.738269
142.565739 39.190009 -28.626832
>
142.671021 42.089215 -50.305495
143.036685 42.316727 -52.503856
142.649059 42.396248 -64.254701
142.671021 42.089215 -50.305495
>
141.355890 41.331921 -80.477963
141.313253 40.823112 -79.957568
141.692295 40.976460 -63.395183
141.355890 41.331921 -80.477963
>
142.343391 42.191373 -62.305748
142.671021 42.089215 -50.305495
142.649059 42.396248 -64.254701
142.343391 42.191373 -62.305748
>
141.029003 38.670459 -80.313505
140.901091 38.200789 -80.101982
141.208475 38.369328 -69.012070
141.029003 38.670459 -80.313505
>
144.360000 40.200000 -7.432900
143.669900 40.322821 -14.478185
143.936533 39.906250 -10.318549
144.360000 40.200000 -7.432900
>
141.512228 41.958148 -81.152596
141.936814 41.431574 -58.353585
142.018023 41.943859 -63.913444
141.512228 41.958148 -81.152596
>
141.978690 36.710859 -21.659553
141.660991 37.140292 -34.306453
141.567600 36.638565 -28.955897
141.978690 36.710859 -21.659553
>
141.538921 36.289659 -25.494129
141.190463 36.439938 -35.986007
141.349193 36.042937 -27.185313
141.538921 36.289659 -25.494129
>
142.143619 39.349928 -40.497881
142.565739 39.190009 -28.626832
142.442120 39.655963 -30.980663
142.143619 39.349928 -40.497881
>
142.762927 42.714838 -81.909959
142.421827 42.584374 -79.841843
142.649059 42.396248 -64.254701
142.762927 42.714838 -81.909959
>
142.143619 39.349928 -40.497881
141.917721 38.895923 -46.546782
142.273683 39.013741 -36.738269
142.143619 39.349928 -40.497881
>
143.383009 39.088367 -15.662259
143.431898 38.664970 -14.653032
143.734382 38.924311 -11.612104
143.383009 39.088367 -15.662259
>
143.290000 36.860000 -7.986980
143.083901 37.230428 -11.165576
142.862131 36.896504 -11.134521
143.290000 36.860000 -7.986980
>
141.660991 37.140292 -34.306453
141.556288 37.685766 -46.631022
141.170972 37.393134 -53.704790
141.660991 37.140292 -34.306453
>
141.556288 37.685766 -46.631022
141.133508 37.869922 -64.629406
141.170972 37.393134 -53.704790
141.556288 37.685766 -46.631022
>
143.698985 39.418141 -12.829069
144.250000 39.580000 -7.432840
143.936533 39.906250 -10.318549
143.698985 39.418141 -12.829069
>
142.343391 42.191373 -62.305748
141.881753 42.388678 -82.623690
142.018023 41.943859 -63.913444
142.343391 42.191373 -62.305748
>
141.883000 34.212700 -9.745119
142.120000 34.830000 -8.370060
141.718802 34.649814 -11.722479
141.883000 34.212700 -9.745119
>
141.201492 32.007385 -32.535608
141.212656 32.334213 -29.999159
140.848504 32.093643 -47.375691
141.201492 32.007385 -32.535608
>
141.016077 31.493808 -43.897412
140.917501 31.097164 -53.165337
141.371648 31.237518 -29.975693
141.016077 31.493808 -43.897412
>
140.309689 36.092117 -59.742940
140.436287 36.438288 -60.130901
140.048341 36.622176 -80.542047
140.309689 36.092117 -59.742940
>
141.987235 33.417141 -9.668195
141.690366 33.209219 -13.149105
142.006957 33.059370 -10.042545
141.987235 33.417141 -9.668195
>
140.873004 34.166081 -31.905046
141.342151 34.129482 -17.255237
141.120889 34.623803 -23.693510
140.873004 34.166081 -31.905046
>
140.873004 34.166081 -31.905046
140.435447 33.966904 -54.039847
140.716672 33.646718 -41.356181
140.873004 34.166081 -31.905046
>
140.716672 33.646718 -41.356181
141.073336 33.833506 -26.149741
140.873004 34.166081 -31.905046
140.716672 33.646718 -41.356181
>
141.120889 34.623803 -23.693510
141.449277 34.482426 -15.601406
141.535575 35.037010 -15.840839
141.120889 34.623803 -23.693510
>
140.848504 32.093643 -47.375691
141.212656 32.334213 -29.999159
140.842284 32.505230 -44.253714
140.848504 32.093643 -47.375691
>
140.495304 34.396362 -47.971152
140.300202 34.757945 -56.371934
139.981590 34.234583 -80.646997
140.495304 34.396362 -47.971152
>
141.120889 34.623803 -23.693510
141.117077 35.069854 -25.446994
140.694893 34.894479 -38.162443
141.120889 34.623803 -23.693510
>
139.849367 36.087275 -80.008281
140.096215 35.788480 -66.002226
140.309689 36.092117 -59.742940
139.849367 36.087275 -80.008281
>
141.371648 31.237518 -29.975693
141.337389 31.693995 -29.243970
141.016077 31.493808 -43.897412
141.371648 31.237518 -29.975693
>
139.872122 34.727889 -81.583077
140.300202 34.757945 -56.371934
140.256028 35.128421 -57.469121
139.872122 34.727889 -81.583077
>
139.872122 34.727889 -81.583077
140.256028 35.128421 -57.469121
139.820942 35.200120 -80.178106
139.872122 34.727889 -81.583077
>
140.461309 35.594347 -49.444826
140.649037 35.926590 -45.507483
140.309689 36.092117 -59.742940
140.461309 35.594347 -49.444826
>
141.535575 35.037010 -15.840839
141.449277 34.482426 -15.601406
141.718802 34.649814 -11.722479
141.535575 35.037010 -15.840839
>
139.981590 34.234583 -80.646997
140.300202 34.757945 -56.371934
139.872122 34.727889 -81.583077
139.981590 34.234583 -80.646997
>
141.535575 35.037010 -15.840839
141.117077 35.069854 -25.446994
141.120889 34.623803 -23.693510
141.535575 35.037010 -15.840839
>
141.212656 32.334213 -29.999159
141.493586 32.032966 -22.745090
141.551264 32.335599 -19.258856
141.212656 32.334213 -29.999159
>
140.309689 36.092117 -59.742940
140.096215 35.788480 -66.002226
140.461309 35.594347 -49.444826
140.309689 36.092117 -59.742940
>
141.458938 32.633483 -20.219662
141.212656 32.334213 -29.999159
141.551264 32.335599 -19.258856
141.458938 32.633483 -20.219662
>
141.690366 33.209219 -13.149105
141.726398 32.850390 -13.240277
142.006957 33.059370 -10.042545
141.690366 33.209219 -13.149105
>
141.342151 34.129482 -17.255237
141.449277 34.482426 -15.601406
141.120889 34.623803 -23.693510
141.342151 34.129482 -17.255237
>
140.694893 34.894479 -38.162443
141.117077 35.069854 -25.446994
140.889645 35.386250 -33.541420
140.694893 34.894479 -38.162443
>
140.332654 37.095755 -80.473874
140.048341 36.622176 -80.542047
140.587578 36.749751 -60.811172
140.332654 37.095755 -80.473874
>
140.694893 34.894479 -38.162443
140.804528 34.542320 -33.897822
141.120889 34.623803 -23.693510
140.694893 34.894479 -38.162443
>
140.495304 34.396362 -47.971152
140.435447 33.966904 -54.039847
140.873004 34.166081 -31.905046
140.495304 34.396362 -47.971152
>
141.153190 35.753733 -29.177132
140.889645 35.386250 -33.541420
141.344383 35.407729 -21.038703
141.153190 35.753733 -29.177132
>
139.981590 34.234583 -80.646997
140.435447 33.966904 -54.039847
140.495304 34.396362 -47.971152
139.981590 34.234583 -80.646997
>
141.201492 32.007385 -32.535608
141.493586 32.032966 -22.745090
141.212656 32.334213 -29.999159
141.201492 32.007385 -32.535608
>
141.551264 32.335599 -19.258856
141.774797 32.503792 -12.973641
141.458938 32.633483 -20.219662
141.551264 32.335599 -19.258856
>
141.120889 34.623803 -23.693510
140.804528 34.542320 -33.897822
140.873004 34.166081 -31.905046
141.120889 34.623803 -23.693510
>
142.179777 31.347760 -9.303740
141.823733 31.170105 -16.869255
142.235935 30.942721 -9.138687
142.179777 31.347760 -9.303740
>
140.842284 32.505230 -44.253714
141.212656 32.334213 -29.999159
141.114904 32.762993 -30.590319
140.842284 32.505230 -44.253714
>
141.987235 33.417141 -9.668195
141.657734 33.567177 -13.096050
141.690366 33.209219 -13.149105
141.987235 33.417141 -9.668195
>
141.016077 31.493808 -43.897412
140.715197 31.428815 -62.296039
140.917501 31.097164 -53.165337
141.016077 31.493808 -43.897412
>
141.114904 32.762993 -30.590319
141.212656 32.334213 -29.999159
141.458938 32.633483 -20.219662
141.114904 32.762993 -30.590319
>
140.842284 32.505230 -44.253714
141.114904 32.762993 -30.590319
140.738802 32.924783 -45.921229
140.842284 32.505230 -44.253714
>
140.591306 30.788070 -80.631921
140.917501 31.097164 -53.165337
140.519103 31.193109 -79.853225
140.591306 30.788070 -80.631921
>
142.288514 30.545359 -9.918257
141.938008 30.813362 -15.332872
141.714467 30.500860 -22.046254
142.288514 30.545359 -9.918257
>
141.458938 32.633483 -20.219662
141.774797 32.503792 -12.973641
141.726398 32.850390 -13.240277
141.458938 32.633483 -20.219662
>
141.883000 34.212700 -9.745119
141.449277 34.482426 -15.601406
141.342151 34.129482 -17.255237
141.883000 34.212700 -9.745119
>
140.738802 32.924783 -45.921229
140.516506 33.258971 -55.286297
140.230290 32.872179 -80.042037
140.738802 32.924783 -45.921229
>
141.718802 34.649814 -11.722479
141.449277 34.482426 -15.601406
141.883000 34.212700 -9.745119
141.718802 34.649814 -11.722479
>
142.179777 31.347760 -9.303740
141.884534 31.566467 -13.046524
141.823733 31.170105 -16.869255
142.179777 31.347760 -9.303740
>
140.873004 34.166081 -31.905046
140.804528 34.542320 -33.897822
140.495304 34.396362 -47.971152
140.873004 34.166081 -31.905046
>
140.889645 35.386250 -33.541420
140.575469 35.250874 -43.507566
140.694893 34.894479 -38.162443
140.889645 35.386250 -33.541420
>
140.495304 34.396362 -47.971152
140.804528 34.542320 -33.897822
140.694893 34.894479 -38.162443
140.495304 34.396362 -47.971152
>
140.738802 32.924783 -45.921229
141.114904 32.762993 -30.590319
141.088281 33.144946 -28.942598
140.738802 32.924783 -45.921229
>
142.130000 31.730000 -9.591520
141.884534 31.566467 -13.046524
142.179777 31.347760 -9.303740
142.130000 31.730000 -9.591520
>
140.077861 33.770629 -79.754804
140.435447 33.966904 -54.039847
139.981590 34.234583 -80.646997
140.077861 33.770629 -79.754804
>
140.048341 36.622176 -80.542047
140.436287 36.438288 -60.130901
140.587578 36.749751 -60.811172
140.048341 36.622176 -80.542047
>
140.694893 34.894479 -38.162443
140.300202 34.757945 -56.371934
140.495304 34.396362 -47.971152
140.694893 34.894479 -38.162443
>
140.889645 35.386250 -33.541420
141.117077 35.069854 -25.446994
141.344383 35.407729 -21.038703
140.889645 35.386250 -33.541420
>
141.088281 33.144946 -28.942598
140.824360 33.325476 -38.548758
140.738802 32.924783 -45.921229
141.088281 33.144946 -28.942598
>
140.461309 35.594347 -49.444826
140.067261 35.473295 -66.326649
140.256028 35.128421 -57.469121
140.461309 35.594347 -49.444826
>
141.884534 31.566467 -13.046524
141.590328 31.482807 -22.505998
141.823733 31.170105 -16.869255
141.884534 31.566467 -13.046524
>
140.961997 36.099738 -37.935396
140.843759 35.713055 -37.372738
141.153190 35.753733 -29.177132
140.961997 36.099738 -37.935396
>
140.649037 35.926590 -45.507483
140.843759 35.713055 -37.372738
140.961997 36.099738 -37.935396
140.649037 35.926590 -45.507483
>
140.738802 32.924783 -45.921229
140.555500 32.604017 -59.359553
140.842284 32.505230 -44.253714
140.738802 32.924783 -45.921229
>
141.823733 31.170105 -16.869255
141.590328 31.482807 -22.505998
141.371648 31.237518 -29.975693
141.823733 31.170105 -16.869255
>
142.130000 31.730000 -9.591520
141.919468 31.869705 -11.710254
141.884534 31.566467 -13.046524
142.130000 31.730000 -9.591520
>
141.153190 35.753733 -29.177132
140.843759 35.713055 -37.372738
140.889645 35.386250 -33.541420
141.153190 35.753733 -29.177132
>
140.848504 32.093643 -47.375691
141.024773 31.805143 -41.115782
141.201492 32.007385 -32.535608
140.848504 32.093643 -47.375691
>
140.230290 32.872179 -80.042037
140.555500 32.604017 -59.359553
140.738802 32.924783 -45.921229
140.230290 32.872179 -80.042037
>
140.917501 31.097164 -53.165337
140.715197 31.428815 -62.296039
140.519103 31.193109 -79.853225
140.917501 31.097164 -53.165337
>
141.789854 32.133201 -13.306016
141.493586 32.032966 -22.745090
141.663897 31.798424 -18.898640
141.789854 32.133201 -13.306016
>
139.792517 35.695883 -80.356047
140.096215 35.788480 -66.002226
139.849367 36.087275 -80.008281
139.792517 35.695883 -80.356047
>
140.889645 35.386250 -33.541420
140.843759 35.713055 -37.372738
140.461309 35.594347 -49.444826
140.889645 35.386250 -33.541420
>
140.230290 32.872179 -80.042037
140.516506 33.258971 -55.286297
140.158087 33.299311 -79.969733
140.230290 32.872179 -80.042037
>
141.714467 30.500860 -22.046254
141.627393 30.907765 -22.975549
141.289111 30.816980 -35.472193
141.714467 30.500860 -22.046254
>
141.069913 33.504521 -27.568614
141.073336 33.833506 -26.149741
140.716672 33.646718 -41.356181
141.069913 33.504521 -27.568614
>
142.006957 33.059370 -10.042545
141.726398 32.850390 -13.240277
142.019325 32.702799 -10.416252
142.006957 33.059370 -10.042545
>
141.884534 31.566467 -13.046524
141.919468 31.869705 -11.710254
141.663897 31.798424 -18.898640
141.884534 31.566467 -13.046524
>
140.374696 32.003187 -79.953912
140.732671 31.742356 -57.514541
140.848504 32.093643 -47.375691
140.374696 32.003187 -79.953912
>
141.342151 34.129482 -17.255237
141.073336 33.833506 -26.149741
141.361691 33.702512 -17.753939
141.342151 34.129482 -17.255237
>
141.663897 31.798424 -18.898640
141.493586 32.032966 -22.745090
141.337389 31.693995 -29.243970
141.663897 31.798424 -18.898640
>
141.714467 30.500860 -22.046254
141.289111 30.816980 -35.472193
141.176954 30.456674 -44.254584
141.714467 30.500860 -22.046254
>
141.774797 32.503792 -12.973641
141.789854 32.133201 -13.306016
142.034438 32.337184 -10.459629
141.774797 32.503792 -12.973641
>
141.337389 31.693995 -29.243970
141.493586 32.032966 -22.745090
141.201492 32.007385 -32.535608
141.337389 31.693995 -29.243970
>
141.342151 34.129482 -17.255237
141.633859 33.885347 -13.103056
141.883000 34.212700 -9.745119
141.342151 34.129482 -17.255237
>
141.690366 33.209219 -13.149105
141.373053 33.358628 -18.725640
141.408657 32.993276 -19.562153
141.690366 33.209219 -13.149105
>
141.344383 35.407729 -21.038703
141.117077 35.069854 -25.446994
141.535575 35.037010 -15.840839
141.344383 35.407729 -21.038703
>
141.371648 31.237518 -29.975693
141.627393 30.907765 -22.975549
141.823733 31.170105 -16.869255
141.371648 31.237518 -29.975693
>
139.820942 35.200120 -80.178106
140.067261 35.473295 -66.326649
139.792517 35.695883 -80.356047
139.820942 35.200120 -80.178106
>
140.294471 32.415590 -80.970905
140.555500 32.604017 -59.359553
140.230290 32.872179 -80.042037
140.294471 32.415590 -80.970905
>
142.019325 32.702799 -10.416252
141.774797 32.503792 -12.973641
142.034438 32.337184 -10.459629
142.019325 32.702799 -10.416252
>
140.096215 35.788480 -66.002226
140.067261 35.473295 -66.326649
140.461309 35.594347 -49.444826
140.096215 35.788480 -66.002226
>
141.408657 32.993276 -19.562153
141.373053 33.358628 -18.725640
141.088281 33.144946 -28.942598
141.408657 32.993276 -19.562153
>
140.461309 35.594347 -49.444826
140.575469 35.250874 -43.507566
140.889645 35.386250 -33.541420
140.461309 35.594347 -49.444826
>
141.931077 33.807451 -9.767565
141.657734 33.567177 -13.096050
141.987235 33.417141 -9.668195
141.931077 33.807451 -9.767565
>
140.256028 35.128421 -57.469121
140.575469 35.250874 -43.507566
140.461309 35.594347 -49.444826
140.256028 35.128421 -57.469121
>
140.873004 34.166081 -31.905046
141.073336 33.833506 -26.149741
141.342151 34.129482 -17.255237
140.873004 34.166081 -31.905046
>
140.917501 31.097164 -53.165337
141.289111 30.816980 -35.472193
141.371648 31.237518 -29.975693
140.917501 31.097164 -53.165337
>
140.256028 35.128421 -57.469121
140.300202 34.757945 -56.371934
140.694893 34.894479 -38.162443
140.256028 35.128421 -57.469121
>
141.726398 32.850390 -13.240277
141.774797 32.503792 -12.973641
142.019325 32.702799 -10.416252
141.726398 32.850390 -13.240277
>
141.361691 33.702512 -17.753939
141.633859 33.885347 -13.103056
141.342151 34.129482 -17.255237
141.361691 33.702512 -17.753939
>
141.663897 31.798424 -18.898640
141.590328 31.482807 -22.505998
141.884534 31.566467 -13.046524
141.663897 31.798424 -18.898640
>
141.176954 30.456674 -44.254584
140.930885 30.709857 -56.827848
140.679554 30.390395 -80.816638
141.176954 30.456674 -44.254584
>
140.446900 31.598148 -79.710391
140.732671 31.742356 -57.514541
140.374696 32.003187 -79.953912
140.446900 31.598148 -79.710391
>
141.337389 31.693995 -29.243970
141.590328 31.482807 -22.505998
141.663897 31.798424 -18.898640
141.337389 31.693995 -29.243970
>
140.587578 36.749751 -60.811172
140.436287 36.438288 -60.130901
140.778771 36.387270 -47.398927
140.587578 36.749751 -60.811172
>
140.694893 34.894479 -38.162443
140.575469 35.250874 -43.507566
140.256028 35.128421 -57.469121
140.694893 34.894479 -38.162443
>
141.551264 32.335599 -19.258856
141.493586 32.032966 -22.745090
141.789854 32.133201 -13.306016
141.551264 32.335599 -19.258856
>
140.842284 32.505230 -44.253714
140.583335 32.311731 -60.751834
140.848504 32.093643 -47.375691
140.842284 32.505230 -44.253714
>
141.371648 31.237518 -29.975693
141.590328 31.482807 -22.505998
141.337389 31.693995 -29.243970
141.371648 31.237518 -29.975693
>
141.663897 31.798424 -18.898640
141.919468 31.869705 -11.710254
141.789854 32.133201 -13.306016
141.663897 31.798424 -18.898640
>
141.883000 34.212700 -9.745119
141.633859 33.885347 -13.103056
141.931077 33.807451 -9.767565
141.883000 34.212700 -9.745119
>
140.848504 32.093643 -47.375691
140.583335 32.311731 -60.751834
140.374696 32.003187 -79.953912
140.848504 32.093643 -47.375691
>
140.591306 30.788070 -80.631921
140.930885 30.709857 -56.827848
140.917501 31.097164 -53.165337
140.591306 30.788070 -80.631921
>
141.726398 32.850390 -13.240277
141.408657 32.993276 -19.562153
141.458938 32.633483 -20.219662
141.726398 32.850390 -13.240277
>
141.551264 32.335599 -19.258856
141.789854 32.133201 -13.306016
141.774797 32.503792 -12.973641
141.551264 32.335599 -19.258856
>
140.778771 36.387270 -47.398927
140.627265 36.187664 -49.406157
140.961997 36.099738 -37.935396
140.778771 36.387270 -47.398927
>
141.201492 32.007385 -32.535608
141.024773 31.805143 -41.115782
141.337389 31.693995 -29.243970
141.201492 32.007385 -32.535608
>
140.961997 36.099738 -37.935396
140.627265 36.187664 -49.406157
140.649037 35.926590 -45.507483
140.961997 36.099738 -37.935396
>
141.823733 31.170105 -16.869255
141.938008 30.813362 -15.332872
142.235935 30.942721 -9.138687
141.823733 31.170105 -16.869255
>
140.679554 30.390395 -80.816638
140.930885 30.709857 -56.827848
140.591306 30.788070 -80.631921
140.679554 30.390395 -80.816638
>
141.690366 33.209219 -13.149105
141.408657 32.993276 -19.562153
141.726398 32.850390 -13.240277
141.690366 33.209219 -13.149105
>
142.235935 30.942721 -9.138687
141.938008 30.813362 -15.332872
142.288514 30.545359 -9.918257
142.235935 30.942721 -9.138687
>
141.289111 30.816980 -35.472193
141.627393 30.907765 -22.975549
141.371648 31.237518 -29.975693
141.289111 30.816980 -35.472193
>
140.738802 32.924783 -45.921229
140.824360 33.325476 -38.548758
140.516506 33.258971 -55.286297
140.738802 32.924783 -45.921229
>
140.256028 35.128421 -57.469121
140.067261 35.473295 -66.326649
139.820942 35.200120 -80.178106
140.256028 35.128421 -57.469121
>
140.158087 33.299311 -79.969733
140.380915 33.588507 -60.589842
140.077861 33.770629 -79.754804
140.158087 33.299311 -79.969733
>
142.091528 32.054737 -9.764664
141.919468 31.869705 -11.710254
142.130000 31.730000 -9.591520
142.091528 32.054737 -9.764664
>
140.461309 35.594347 -49.444826
140.843759 35.713055 -37.372738
140.649037 35.926590 -45.507483
140.461309 35.594347 -49.444826
>
142.034438 32.337184 -10.459629
141.789854 32.133201 -13.306016
142.091528 32.054737 -9.764664
142.034438 32.337184 -10.459629
>
140.374696 32.003187 -79.953912
140.583335 32.311731 -60.751834
140.294471 32.415590 -80.970905
140.374696 32.003187 -79.953912
>
141.458938 32.633483 -20.219662
141.408657 32.993276 -19.562153
141.114904 32.762993 -30.590319
141.458938 32.633483 -20.219662
>
141.114904 32.762993 -30.590319
141.408657 32.993276 -19.562153
141.088281 33.144946 -28.942598
141.114904 32.762993 -30.590319
>
141.931077 33.807451 -9.767565
141.633859 33.885347 -13.103056
141.657734 33.567177 -13.096050
141.931077 33.807451 -9.767565
>
141.337389 31.693995 -29.243970
141.024773 31.805143 -41.115782
141.016077 31.493808 -43.897412
141.337389 31.693995 -29.243970
>
141.657734 33.567177 -13.096050
141.373053 33.358628 -18.725640
141.690366 33.209219 -13.149105
141.657734 33.567177 -13.096050
>
140.435447 33.966904 -54.039847
140.380915 33.588507 -60.589842
140.716672 33.646718 -41.356181
140.435447 33.966904 -54.039847
>
141.789854 32.133201 -13.306016
141.919468 31.869705 -11.710254
142.091528 32.054737 -9.764664
141.789854 32.133201 -13.306016
>
139.792517 35.695883 -80.356047
140.067261 35.473295 -66.326649
140.096215 35.788480 -66.002226
139.792517 35.695883 -80.356047
>
140.519103 31.193109 -79.853225
140.715197 31.428815 -62.296039
140.446900 31.598148 -79.710391
140.519103 31.193109 -79.853225
>
141.361691 33.702512 -17.753939
141.373053 33.358628 -18.725640
141.657734 33.567177 -13.096050
141.361691 33.702512 -17.753939
>
140.077861 33.770629 -79.754804
140.380915 33.588507 -60.589842
140.435447 33.966904 -54.039847
140.077861 33.770629 -79.754804
>
141.657734 33.567177 -13.096050
141.633859 33.885347 -13.103056
141.361691 33.702512 -17.753939
141.657734 33.567177 -13.096050
>
140.917501 31.097164 -53.165337
140.930885 30.709857 -56.827848
141.289111 30.816980 -35.472193
140.917501 31.097164 -53.165337
>
140.436287 36.438288 -60.130901
140.627265 36.187664 -49.406157
140.778771 36.387270 -47.398927
140.436287 36.438288 -60.130901
>
140.716672 33.646718 -41.356181
140.380915 33.588507 -60.589842
140.516506 33.258971 -55.286297
140.716672 33.646718 -41.356181
>
140.516506 33.258971 -55.286297
140.380915 33.588507 -60.589842
140.158087 33.299311 -79.969733
140.516506 33.258971 -55.286297
>
140.649037 35.926590 -45.507483
140.627265 36.187664 -49.406157
140.309689 36.092117 -59.742940
140.649037 35.926590 -45.507483
>
141.088281 33.144946 -28.942598
141.373053 33.358628 -18.725640
141.069913 33.504521 -27.568614
141.088281 33.144946 -28.942598
>
140.309689 36.092117 -59.742940
140.627265 36.187664 -49.406157
140.436287 36.438288 -60.130901
140.309689 36.092117 -59.742940
>
140.842284 32.505230 -44.253714
140.555500 32.604017 -59.359553
140.583335 32.311731 -60.751834
140.842284 32.505230 -44.253714
>
141.069913 33.504521 -27.568614
141.373053 33.358628 -18.725640
141.361691 33.702512 -17.753939
141.069913 33.504521 -27.568614
>
140.583335 32.311731 -60.751834
140.555500 32.604017 -59.359553
140.294471 32.415590 -80.970905
140.583335 32.311731 -60.751834
>
141.289111 30.816980 -35.472193
140.930885 30.709857 -56.827848
141.176954 30.456674 -44.254584
141.289111 30.816980 -35.472193
>
141.069913 33.504521 -27.568614
140.824360 33.325476 -38.548758
141.088281 33.144946 -28.942598
141.069913 33.504521 -27.568614
>
140.516506 33.258971 -55.286297
140.824360 33.325476 -38.548758
140.716672 33.646718 -41.356181
140.516506 33.258971 -55.286297
>
140.716672 33.646718 -41.356181
140.824360 33.325476 -38.548758
141.069913 33.504521 -27.568614
140.716672 33.646718 -41.356181
>
141.361691 33.702512 -17.753939
141.073336 33.833506 -26.149741
141.069913 33.504521 -27.568614
141.361691 33.702512 -17.753939
>
140.732671 31.742356 -57.514541
141.024773 31.805143 -41.115782
140.848504 32.093643 -47.375691
140.732671 31.742356 -57.514541
>
141.016077 31.493808 -43.897412
141.024773 31.805143 -41.115782
140.732671 31.742356 -57.514541
141.016077 31.493808 -43.897412
>
140.732671 31.742356 -57.514541
140.715197 31.428815 -62.296039
141.016077 31.493808 -43.897412
140.732671 31.742356 -57.514541
>
140.446900 31.598148 -79.710391
140.715197 31.428815 -62.296039
140.732671 31.742356 -57.514541
140.446900 31.598148 -79.710391
>
141.823733 31.170105 -16.869255
141.627393 30.907765 -22.975549
141.938008 30.813362 -15.332872
141.823733 31.170105 -16.869255
>
141.938008 30.813362 -15.332872
141.627393 30.907765 -22.975549
141.714467 30.500860 -22.046254
141.938008 30.813362 -15.332872
>
139.849367 36.087275 -80.008281
140.309689 36.092117 -59.742940
140.048341 36.622176 -80.542047
139.849367 36.087275 -80.008281
