140.569608 34.597715 -5.785760
140.645290 34.782773 -9.950600
140.460477 34.798980 -10.007484
140.569608 34.597715 -5.785760
>
140.932469 34.999012 -13.229213
141.122268 34.926006 -10.793885
141.110086 35.090926 -14.106677
140.932469 34.999012 -13.229213
>
139.882709 36.077121 -43.183285
139.727972 36.154516 -47.279856
139.793245 35.965550 -33.628749
139.882709 36.077121 -43.183285
>
139.727972 36.154516 -47.279856
139.619921 36.043079 -39.288220
139.793245 35.965550 -33.628749
139.727972 36.154516 -47.279856
>
139.992136 35.558117 -24.656276
139.836444 35.633368 -25.161154
139.831996 35.475566 -22.663008
139.992136 35.558117 -24.656276
>
139.973309 35.965058 -34.851456
139.882709 36.077121 -43.183285
139.793245 35.965550 -33.628749
139.973309 35.965058 -34.851456
>
140.454309 35.819159 -26.245055
140.315515 35.929978 -30.798486
140.266480 35.762920 -26.089846
140.454309 35.819159 -26.245055
>
141.122268 34.926006 -10.793885
140.932469 34.999012 -13.229213
140.993717 34.816019 -9.397141
141.122268 34.926006 -10.793885
>
140.932469 34.999012 -13.229213
140.787739 35.181013 -17.577217
140.739947 34.987557 -13.790603
140.932469 34.999012 -13.229213
>
140.454309 35.819159 -26.245055
140.543559 35.649609 -25.037703
140.631334 35.769866 -25.424779
140.454309 35.819159 -26.245055
>
140.631334 35.769866 -25.424779
140.702717 35.928312 -26.691895
140.558724 35.942408 -28.233259
140.631334 35.769866 -25.424779
>
140.932469 34.999012 -13.229213
140.805728 34.831613 -10.430951
140.993717 34.816019 -9.397141
140.932469 34.999012 -13.229213
>
140.497469 35.361067 -21.572321
140.496175 35.153907 -17.227867
140.648660 35.293765 -20.025733
140.497469 35.361067 -21.572321
>
139.653611 35.256550 -13.903680
139.553837 35.349261 -16.355783
139.505886 35.230060 -9.202462
139.653611 35.256550 -13.903680
>
140.805728 34.831613 -10.430951
140.932469 34.999012 -13.229213
140.739947 34.987557 -13.790603
140.805728 34.831613 -10.430951
>
140.994577 35.504386 -22.312170
140.821027 35.416253 -21.634424
140.990265 35.370736 -20.304233
140.994577 35.504386 -22.312170
>
140.454309 35.819159 -26.245055
140.631334 35.769866 -25.424779
140.558724 35.942408 -28.233259
140.454309 35.819159 -26.245055
>
140.403744 34.637873 -5.689526
140.569608 34.597715 -5.785760
140.460477 34.798980 -10.007484
140.403744 34.637873 -5.689526
>
140.821027 35.416253 -21.634424
140.994577 35.504386 -22.312170
140.889814 35.597364 -23.782546
140.821027 35.416253 -21.634424
>
140.733870 35.637796 -24.591024
140.821027 35.416253 -21.634424
140.889814 35.597364 -23.782546
140.733870 35.637796 -24.591024
>
141.122268 34.926006 -10.793885
141.266191 35.010832 -11.856610
141.110086 35.090926 -14.106677
141.122268 34.926006 -10.793885
>
140.542550 36.489084 -51.704838
140.504858 36.371272 -48.604197
140.650084 36.396720 -44.483815
140.542550 36.489084 -51.704838
>
139.604658 35.108704 -6.500426
139.653611 35.256550 -13.903680
139.505886 35.230060 -9.202462
139.604658 35.108704 -6.500426
>
139.859630 35.816360 -27.103651
139.973309 35.965058 -34.851456
139.793245 35.965550 -33.628749
139.859630 35.816360 -27.103651
>
140.821027 35.416253 -21.634424
140.912524 35.276188 -18.946852
140.990265 35.370736 -20.304233
140.821027 35.416253 -21.634424
>
141.266191 35.010832 -11.856610
141.122268 34.926006 -10.793885
141.269291 34.871501 -9.907890
141.266191 35.010832 -11.856610
>
139.762739 35.001045 -6.453030
139.694081 34.791926 -1.728425
139.891167 34.897705 -6.202892
139.762739 35.001045 -6.453030
>
140.438951 36.593240 -60.155416
140.542550 36.489084 -51.704838
140.574660 36.598573 -54.467327
140.438951 36.593240 -60.155416
>
141.350261 34.711811 -8.671105
141.519762 34.561618 -8.532948
141.520876 34.748511 -9.470537
141.350261 34.711811 -8.671105
>
140.451745 36.228877 -44.691809
140.313515 36.226712 -47.969586
140.350079 36.089429 -39.827726
140.451745 36.228877 -44.691809
>
140.175119 34.863318 -9.168383
140.226537 34.667878 -5.106570
140.317827 34.771487 -8.350615
140.175119 34.863318 -9.168383
>
140.062775 36.217027 -51.115670
139.945794 36.326653 -60.125668
139.888899 36.205736 -51.416865
140.062775 36.217027 -51.115670
>
140.122648 35.321568 -20.524758
140.145793 35.488019 -23.885649
139.979838 35.397516 -21.750105
140.122648 35.321568 -20.524758
>
140.543559 35.649609 -25.037703
140.733870 35.637796 -24.591024
140.631334 35.769866 -25.424779
140.543559 35.649609 -25.037703
>
140.062775 36.217027 -51.115670
139.888899 36.205736 -51.416865
139.994565 36.098948 -44.661587
140.062775 36.217027 -51.115670
>
140.350236 36.362510 -53.131921
140.219770 36.432282 -60.488703
140.201601 36.298119 -53.649209
140.350236 36.362510 -53.131921
>
139.667926 35.568935 -23.503001
139.491685 35.472418 -19.449240
139.677201 35.413397 -19.745057
139.667926 35.568935 -23.503001
>
140.151665 35.907161 -30.906504
139.973309 35.965058 -34.851456
140.017655 35.833607 -27.948391
140.151665 35.907161 -30.906504
>
139.604658 35.108704 -6.500426
139.762739 35.001045 -6.453030
139.749100 35.150267 -11.167537
139.604658 35.108704 -6.500426
>
140.932469 34.999012 -13.229213
141.110086 35.090926 -14.106677
140.967796 35.159950 -16.455321
140.932469 34.999012 -13.229213
>
139.992136 35.558117 -24.656276
139.831996 35.475566 -22.663008
139.979838 35.397516 -21.750105
139.992136 35.558117 -24.656276
>
140.932109 36.135515 -29.391117
140.765577 36.068636 -29.239861
140.862149 35.926316 -26.045793
140.932109 36.135515 -29.391117
>
140.787739 35.181013 -17.577217
140.932469 34.999012 -13.229213
140.967796 35.159950 -16.455321
140.787739 35.181013 -17.577217
>
139.762739 35.001045 -6.453030
139.604658 35.108704 -6.500426
139.614128 34.955693 -2.498893
139.762739 35.001045 -6.453030
>
140.542550 36.489084 -51.704838
140.650084 36.396720 -44.483815
140.646474 36.511450 -48.284250
140.542550 36.489084 -51.704838
>
139.653611 35.256550 -13.903680
139.830985 35.287613 -17.456178
139.677201 35.413397 -19.745057
139.653611 35.256550 -13.903680
>
140.049329 34.697884 -4.185107
140.226537 34.667878 -5.106570
140.175119 34.863318 -9.168383
140.049329 34.697884 -4.185107
>
140.145793 35.488019 -23.885649
139.992136 35.558117 -24.656276
139.979838 35.397516 -21.750105
140.145793 35.488019 -23.885649
>
140.113694 36.056661 -41.263498
139.973309 35.965058 -34.851456
140.151665 35.907161 -30.906504
140.113694 36.056661 -41.263498
>
140.350236 36.362510 -53.131921
140.313515 36.226712 -47.969586
140.451745 36.228877 -44.691809
140.350236 36.362510 -53.131921
>
139.830985 35.287613 -17.456178
139.831996 35.475566 -22.663008
139.677201 35.413397 -19.745057
139.830985 35.287613 -17.456178
>
140.496175 35.153907 -17.227867
140.497469 35.361067 -21.572321
140.377703 35.261800 -19.604374
140.496175 35.153907 -17.227867
>
140.543559 35.649609 -25.037703
140.454309 35.819159 -26.245055
140.399885 35.678274 -25.306990
140.543559 35.649609 -25.037703
>
140.496175 35.153907 -17.227867
140.306658 35.125164 -16.060729
140.422116 35.004431 -13.890160
140.496175 35.153907 -17.227867
>
140.496175 35.153907 -17.227867
140.572551 34.934117 -12.936177
140.648070 35.097005 -16.098879
140.496175 35.153907 -17.227867
>
141.519762 34.561618 -8.532948
141.350261 34.711811 -8.671105
141.364507 34.520238 -7.808116
141.519762 34.561618 -8.532948
>
140.306658 35.125164 -16.060729
140.496175 35.153907 -17.227867
140.377703 35.261800 -19.604374
140.306658 35.125164 -16.060729
>
140.733870 35.637796 -24.591024
140.877465 35.751037 -25.044477
140.759776 35.792927 -25.373221
140.733870 35.637796 -24.591024
>
140.121137 35.774805 -26.553087
140.151665 35.907161 -30.906504
140.017655 35.833607 -27.948391
140.121137 35.774805 -26.553087
>
140.329360 36.512761 -60.850876
140.219770 36.432282 -60.488703
140.350236 36.362510 -53.131921
140.329360 36.512761 -60.850876
>
140.082782 36.379467 -60.960547
139.945794 36.326653 -60.125668
140.062775 36.217027 -51.115670
140.082782 36.379467 -60.960547
>
140.315515 35.929978 -30.798486
140.454309 35.819159 -26.245055
140.438167 35.973900 -31.337018
140.315515 35.929978 -30.798486
>
141.161856 34.767744 -8.685444
141.122268 34.926006 -10.793885
140.993717 34.816019 -9.397141
141.161856 34.767744 -8.685444
>
140.313515 36.226712 -47.969586
140.350236 36.362510 -53.131921
140.201601 36.298119 -53.649209
140.313515 36.226712 -47.969586
>
140.648660 35.293765 -20.025733
140.496175 35.153907 -17.227867
140.648070 35.097005 -16.098879
140.648660 35.293765 -20.025733
>
140.000472 35.214521 -16.663472
140.027035 35.012562 -11.077420
140.148998 35.170977 -16.450578
140.000472 35.214521 -16.663472
>
141.055072 34.688926 -7.870555
141.161856 34.767744 -8.685444
140.993717 34.816019 -9.397141
141.055072 34.688926 -7.870555
>
139.491685 35.472418 -19.449240
139.553837 35.349261 -16.355783
139.677201 35.413397 -19.745057
139.491685 35.472418 -19.449240
>
140.572551 34.934117 -12.936177
140.496175 35.153907 -17.227867
140.422116 35.004431 -13.890160
140.572551 34.934117 -12.936177
>
140.122648 35.321568 -20.524758
140.302070 35.397342 -22.435081
140.145793 35.488019 -23.885649
140.122648 35.321568 -20.524758
>
140.542550 36.489084 -51.704838
140.438951 36.593240 -60.155416
140.433986 36.465824 -55.000003
140.542550 36.489084 -51.704838
>
141.519762 34.561618 -8.532948
141.641009 34.457254 -8.727806
141.609420 34.639107 -9.241234
141.519762 34.561618 -8.532948
>
140.821027 35.416253 -21.634424
140.787739 35.181013 -17.577217
140.912524 35.276188 -18.946852
140.821027 35.416253 -21.634424
>
139.667926 35.568935 -23.503001
139.725844 35.735884 -25.671602
139.621384 35.679381 -25.069042
139.667926 35.568935 -23.503001
>
139.985358 35.710372 -25.832137
139.992136 35.558117 -24.656276
140.140656 35.648132 -25.405569
139.985358 35.710372 -25.832137
>
140.329541 34.888160 -11.139565
140.175119 34.863318 -9.168383
140.317827 34.771487 -8.350615
140.329541 34.888160 -11.139565
>
140.877465 35.751037 -25.044477
140.733870 35.637796 -24.591024
140.889814 35.597364 -23.782546
140.877465 35.751037 -25.044477
>
139.336029 35.066968 -1.135301
139.338000 34.920000 -1.498972
139.491817 35.018155 -2.147473
139.336029 35.066968 -1.135301
>
139.667926 35.568935 -23.503001
139.836444 35.633368 -25.161154
139.725844 35.735884 -25.671602
139.667926 35.568935 -23.503001
>
141.600612 34.904436 -11.088326
141.523898 35.051561 -12.577847
141.421277 34.915095 -10.656186
141.600612 34.904436 -11.088326
>
139.507680 35.922051 -28.128063
139.587617 35.780277 -25.670011
139.682323 35.877200 -27.842316
139.507680 35.922051 -28.128063
>
140.485413 36.086554 -36.548570
140.451745 36.228877 -44.691809
140.350079 36.089429 -39.827726
140.485413 36.086554 -36.548570
>
140.027035 35.012562 -11.077420
140.166214 35.032097 -12.973028
140.148998 35.170977 -16.450578
140.027035 35.012562 -11.077420
>
139.789627 36.309048 -60.836063
139.633460 36.291443 -60.490124
139.727972 36.154516 -47.279856
139.789627 36.309048 -60.836063
>
139.619921 36.043079 -39.288220
139.507680 35.922051 -28.128063
139.682323 35.877200 -27.842316
139.619921 36.043079 -39.288220
>
140.821027 35.416253 -21.634424
140.733870 35.637796 -24.591024
140.611969 35.478595 -23.179399
140.821027 35.416253 -21.634424
>
140.702717 35.928312 -26.691895
140.765577 36.068636 -29.239861
140.624732 36.064907 -31.911884
140.702717 35.928312 -26.691895
>
139.619921 36.043079 -39.288220
139.531893 36.135303 -44.881898
139.472605 36.059858 -39.593462
139.619921 36.043079 -39.288220
>
139.830985 35.287613 -17.456178
140.000472 35.214521 -16.663472
139.979838 35.397516 -21.750105
139.830985 35.287613 -17.456178
>
139.694081 34.791926 -1.728425
139.872122 34.727889 -2.907086
139.891167 34.897705 -6.202892
139.694081 34.791926 -1.728425
>
140.000472 35.214521 -16.663472
140.122648 35.321568 -20.524758
139.979838 35.397516 -21.750105
140.000472 35.214521 -16.663472
>
140.504858 36.371272 -48.604197
140.350236 36.362510 -53.131921
140.451745 36.228877 -44.691809
140.504858 36.371272 -48.604197
>
139.491685 35.472418 -19.449240
139.332086 35.360903 -12.590385
139.443510 35.325315 -13.062568
139.491685 35.472418 -19.449240
>
139.531893 36.135303 -44.881898
139.499212 36.291443 -61.168952
139.447409 36.185908 -47.357114
139.531893 36.135303 -44.881898
>
140.645290 34.782773 -9.950600
140.572551 34.934117 -12.936177
140.460477 34.798980 -10.007484
140.645290 34.782773 -9.950600
>
139.343045 35.526891 -19.385851
139.332086 35.360903 -12.590385
139.491685 35.472418 -19.449240
139.343045 35.526891 -19.385851
>
139.531893 36.135303 -44.881898
139.619921 36.043079 -39.288220
139.623558 36.183527 -48.632714
139.531893 36.135303 -44.881898
>
140.733870 35.637796 -24.591024
140.543559 35.649609 -25.037703
140.611969 35.478595 -23.179399
140.733870 35.637796 -24.591024
>
141.447184 35.198687 -14.716742
141.370471 35.345813 -17.588333
141.283018 35.187156 -14.816817
141.447184 35.198687 -14.716742
>
140.302070 35.397342 -22.435081
140.282196 35.582932 -24.931075
140.145793 35.488019 -23.885649
140.302070 35.397342 -22.435081
>
140.350236 36.362510 -53.131921
140.504858 36.371272 -48.604197
140.433986 36.465824 -55.000003
140.350236 36.362510 -53.131921
>
141.883000 34.212700 -9.348561
141.814442 34.394237 -9.469708
141.724589 34.263357 -8.602132
141.883000 34.212700 -9.348561
>
139.338000 34.920000 -1.498972
139.516041 34.855963 -1.564633
139.491817 35.018155 -2.147473
139.338000 34.920000 -1.498972
>
140.460477 34.798980 -10.007484
140.572551 34.934117 -12.936177
140.422116 35.004431 -13.890160
140.460477 34.798980 -10.007484
>
140.787739 35.181013 -17.577217
140.821027 35.416253 -21.634424
140.648660 35.293765 -20.025733
140.787739 35.181013 -17.577217
>
139.499212 36.291443 -61.168952
139.531893 36.135303 -44.881898
139.623558 36.183527 -48.632714
139.499212 36.291443 -61.168952
>
141.421277 34.915095 -10.656186
141.523898 35.051561 -12.577847
141.391206 35.074306 -12.595810
141.421277 34.915095 -10.656186
>
139.836444 35.633368 -25.161154
139.667926 35.568935 -23.503001
139.831996 35.475566 -22.663008
139.836444 35.633368 -25.161154
>
141.641009 34.457254 -8.727806
141.745883 34.575773 -9.682877
141.609420 34.639107 -9.241234
141.641009 34.457254 -8.727806
>
139.507680 35.922051 -28.128063
139.619921 36.043079 -39.288220
139.472605 36.059858 -39.593462
139.507680 35.922051 -28.128063
>
139.354004 35.692880 -23.887897
139.343045 35.526891 -19.385851
139.502899 35.642294 -23.857978
139.354004 35.692880 -23.887897
>
140.329541 34.888160 -11.139565
140.460477 34.798980 -10.007484
140.422116 35.004431 -13.890160
140.329541 34.888160 -11.139565
>
141.019781 35.977575 -26.751432
140.932109 36.135515 -29.391117
140.862149 35.926316 -26.045793
141.019781 35.977575 -26.751432
>
140.121137 35.774805 -26.553087
139.985358 35.710372 -25.832137
140.140656 35.648132 -25.405569
140.121137 35.774805 -26.553087
>
140.510185 36.681264 -60.519640
140.633475 36.681264 -55.035271
140.581419 36.769288 -60.451433
140.510185 36.681264 -60.519640
>
140.329360 36.512761 -60.850876
140.350236 36.362510 -53.131921
140.433986 36.465824 -55.000003
140.329360 36.512761 -60.850876
>
139.364963 36.003060 -31.751009
139.364963 35.858868 -25.699087
139.507680 35.922051 -28.128063
139.364963 36.003060 -31.751009
>
140.497469 35.361067 -21.572321
140.611969 35.478595 -23.179399
140.439198 35.524315 -24.163895
140.497469 35.361067 -21.572321
>
139.694081 34.791926 -1.728425
139.762739 35.001045 -6.453030
139.614128 34.955693 -2.498893
139.694081 34.791926 -1.728425
>
140.558724 35.942408 -28.233259
140.702717 35.928312 -26.691895
140.624732 36.064907 -31.911884
140.558724 35.942408 -28.233259
>
139.667926 35.568935 -23.503001
139.502899 35.642294 -23.857978
139.491685 35.472418 -19.449240
139.667926 35.568935 -23.503001
>
140.504858 36.371272 -48.604197
140.542550 36.489084 -51.704838
140.433986 36.465824 -55.000003
140.504858 36.371272 -48.604197
>
139.619921 36.043079 -39.288220
139.727972 36.154516 -47.279856
139.623558 36.183527 -48.632714
139.619921 36.043079 -39.288220
>
140.645290 34.782773 -9.950600
140.569608 34.597715 -5.785760
140.743313 34.685820 -7.929142
140.645290 34.782773 -9.950600
>
140.266480 35.762920 -26.089846
140.121137 35.774805 -26.553087
140.140656 35.648132 -25.405569
140.266480 35.762920 -26.089846
>
140.611969 35.478595 -23.179399
140.543559 35.649609 -25.037703
140.439198 35.524315 -24.163895
140.611969 35.478595 -23.179399
>
140.082782 36.379467 -60.960547
140.062775 36.217027 -51.115670
140.201601 36.298119 -53.649209
140.082782 36.379467 -60.960547
>
140.877465 35.751037 -25.044477
140.862149 35.926316 -26.045793
140.759776 35.792927 -25.373221
140.877465 35.751037 -25.044477
>
140.175119 34.863318 -9.168383
140.329541 34.888160 -11.139565
140.282513 34.995685 -13.018962
140.175119 34.863318 -9.168383
>
141.447184 35.198687 -14.716742
141.283018 35.187156 -14.816817
141.391206 35.074306 -12.595810
141.447184 35.198687 -14.716742
>
141.600612 34.904436 -11.088326
141.421277 34.915095 -10.656186
141.520876 34.748511 -9.470537
141.600612 34.904436 -11.088326
>
139.859630 35.816360 -27.103651
139.836444 35.633368 -25.161154
139.985358 35.710372 -25.832137
139.859630 35.816360 -27.103651
>
140.166214 35.032097 -12.973028
140.175119 34.863318 -9.168383
140.282513 34.995685 -13.018962
140.166214 35.032097 -12.973028
>
139.859630 35.816360 -27.103651
139.793245 35.965550 -33.628749
139.682323 35.877200 -27.842316
139.859630 35.816360 -27.103651
>
140.862149 35.926316 -26.045793
140.702717 35.928312 -26.691895
140.759776 35.792927 -25.373221
140.862149 35.926316 -26.045793
>
139.762739 35.001045 -6.453030
139.891167 34.897705 -6.202892
139.893331 35.096891 -11.699485
139.762739 35.001045 -6.453030
>
141.266191 35.010832 -11.856610
141.421277 34.915095 -10.656186
141.391206 35.074306 -12.595810
141.266191 35.010832 -11.856610
>
139.727972 36.154516 -47.279856
139.882709 36.077121 -43.183285
139.888899 36.205736 -51.416865
139.727972 36.154516 -47.279856
>
140.569608 34.597715 -5.785760
140.735472 34.557558 -5.879008
140.743313 34.685820 -7.929142
140.569608 34.597715 -5.785760
>
140.282196 35.582932 -24.931075
140.266480 35.762920 -26.089846
140.140656 35.648132 -25.405569
140.282196 35.582932 -24.931075
>
140.765577 36.068636 -29.239861
140.679214 36.174632 -35.375384
140.624732 36.064907 -31.911884
140.765577 36.068636 -29.239861
>
139.725844 35.735884 -25.671602
139.859630 35.816360 -27.103651
139.682323 35.877200 -27.842316
139.725844 35.735884 -25.671602
>
140.510185 36.681264 -60.519640
140.438951 36.593240 -60.155416
140.574660 36.598573 -54.467327
140.510185 36.681264 -60.519640
>
139.587617 35.780277 -25.670011
139.507680 35.922051 -28.128063
139.458556 35.769333 -25.331288
139.587617 35.780277 -25.670011
>
140.727668 36.278165 -37.963295
140.650084 36.396720 -44.483815
140.597120 36.285796 -42.399942
140.727668 36.278165 -37.963295
>
140.266480 35.762920 -26.089846
140.315515 35.929978 -30.798486
140.151665 35.907161 -30.906504
140.266480 35.762920 -26.089846
>
139.891167 34.897705 -6.202892
140.027035 35.012562 -11.077420
139.893331 35.096891 -11.699485
139.891167 34.897705 -6.202892
>
140.302070 35.397342 -22.435081
140.497469 35.361067 -21.572321
140.439198 35.524315 -24.163895
140.302070 35.397342 -22.435081
>
139.507680 35.922051 -28.128063
139.364963 35.858868 -25.699087
139.458556 35.769333 -25.331288
139.507680 35.922051 -28.128063
>
140.912524 35.276188 -18.946852
140.787739 35.181013 -17.577217
140.967796 35.159950 -16.455321
140.912524 35.276188 -18.946852
>
140.282196 35.582932 -24.931075
140.302070 35.397342 -22.435081
140.439198 35.524315 -24.163895
140.282196 35.582932 -24.931075
>
141.070146 34.466490 -6.435898
141.238956 34.415581 -7.012750
141.179070 34.592691 -7.472583
141.070146 34.466490 -6.435898
>
141.088773 35.262600 -17.765967
141.283018 35.187156 -14.816817
141.235276 35.337959 -18.270578
141.088773 35.262600 -17.765967
>
140.765577 36.068636 -29.239861
140.932109 36.135515 -29.391117
140.792541 36.182133 -32.554989
140.765577 36.068636 -29.239861
>
140.497469 35.361067 -21.572321
140.302070 35.397342 -22.435081
140.377703 35.261800 -19.604374
140.497469 35.361067 -21.572321
>
140.787739 35.181013 -17.577217
140.648660 35.293765 -20.025733
140.648070 35.097005 -16.098879
140.787739 35.181013 -17.577217
>
139.633460 36.291443 -60.490124
139.499212 36.291443 -61.168952
139.623558 36.183527 -48.632714
139.633460 36.291443 -60.490124
>
139.882709 36.077121 -43.183285
139.973309 35.965058 -34.851456
139.994565 36.098948 -44.661587
139.882709 36.077121 -43.183285
>
141.266191 35.010832 -11.856610
141.283018 35.187156 -14.816817
141.110086 35.090926 -14.106677
141.266191 35.010832 -11.856610
>
140.485413 36.086554 -36.548570
140.558724 35.942408 -28.233259
140.624732 36.064907 -31.911884
140.485413 36.086554 -36.548570
>
141.350261 34.711811 -8.671105
141.421277 34.915095 -10.656186
141.269291 34.871501 -9.907890
141.350261 34.711811 -8.671105
>
140.302070 35.397342 -22.435081
140.122648 35.321568 -20.524758
140.252886 35.257250 -19.288321
140.302070 35.397342 -22.435081
>
139.973309 35.965058 -34.851456
140.113694 36.056661 -41.263498
139.994565 36.098948 -44.661587
139.973309 35.965058 -34.851456
>
140.784162 36.371922 -39.485763
140.734846 36.482581 -44.552489
140.650084 36.396720 -44.483815
140.784162 36.371922 -39.485763
>
139.836444 35.633368 -25.161154
139.992136 35.558117 -24.656276
139.985358 35.710372 -25.832137
139.836444 35.633368 -25.161154
>
139.836444 35.633368 -25.161154
139.859630 35.816360 -27.103651
139.725844 35.735884 -25.671602
139.836444 35.633368 -25.161154
>
139.888899 36.205736 -51.416865
139.882709 36.077121 -43.183285
139.994565 36.098948 -44.661587
139.888899 36.205736 -51.416865
>
141.283018 35.187156 -14.816817
141.088773 35.262600 -17.765967
141.110086 35.090926 -14.106677
141.283018 35.187156 -14.816817
>
140.679214 36.174632 -35.375384
140.765577 36.068636 -29.239861
140.792541 36.182133 -32.554989
140.679214 36.174632 -35.375384
>
140.282196 35.582932 -24.931075
140.439198 35.524315 -24.163895
140.399885 35.678274 -25.306990
140.282196 35.582932 -24.931075
>
139.502899 35.642294 -23.857978
139.343045 35.526891 -19.385851
139.491685 35.472418 -19.449240
139.502899 35.642294 -23.857978
>
140.121137 35.774805 -26.553087
140.266480 35.762920 -26.089846
140.151665 35.907161 -30.906504
140.121137 35.774805 -26.553087
>
141.283018 35.187156 -14.816817
141.266191 35.010832 -11.856610
141.391206 35.074306 -12.595810
141.283018 35.187156 -14.816817
>
140.439198 35.524315 -24.163895
140.543559 35.649609 -25.037703
140.399885 35.678274 -25.306990
140.439198 35.524315 -24.163895
>
140.784162 36.371922 -39.485763
140.650084 36.396720 -44.483815
140.727668 36.278165 -37.963295
140.784162 36.371922 -39.485763
>
140.735472 34.557558 -5.879008
140.901336 34.517400 -6.049180
140.892478 34.667887 -7.612609
140.735472 34.557558 -5.879008
>
141.724589 34.263357 -8.602132
141.814442 34.394237 -9.469708
141.641009 34.457254 -8.727806
141.724589 34.263357 -8.602132
>
140.000472 35.214521 -16.663472
139.830985 35.287613 -17.456178
139.893331 35.096891 -11.699485
140.000472 35.214521 -16.663472
>
140.572551 34.934117 -12.936177
140.739947 34.987557 -13.790603
140.648070 35.097005 -16.098879
140.572551 34.934117 -12.936177
>
140.765577 36.068636 -29.239861
140.702717 35.928312 -26.691895
140.862149 35.926316 -26.045793
140.765577 36.068636 -29.239861
>
141.566177 34.314014 -7.891205
141.724589 34.263357 -8.602132
141.641009 34.457254 -8.727806
141.566177 34.314014 -7.891205
>
141.122449 35.415287 -20.452870
141.088773 35.262600 -17.765967
141.235276 35.337959 -18.270578
141.122449 35.415287 -20.452870
>
141.421277 34.915095 -10.656186
141.350261 34.711811 -8.671105
141.520876 34.748511 -9.470537
141.421277 34.915095 -10.656186
>
141.677325 34.757310 -10.350894
141.600612 34.904436 -11.088326
141.520876 34.748511 -9.470537
141.677325 34.757310 -10.350894
>
139.364963 36.147251 -44.711300
139.472605 36.059858 -39.593462
139.447409 36.185908 -47.357114
139.364963 36.147251 -44.711300
>
139.727972 36.154516 -47.279856
139.633460 36.291443 -60.490124
139.623558 36.183527 -48.632714
139.727972 36.154516 -47.279856
>
141.350261 34.711811 -8.671105
141.179070 34.592691 -7.472583
141.364507 34.520238 -7.808116
141.350261 34.711811 -8.671105
>
141.179070 34.592691 -7.472583
141.350261 34.711811 -8.671105
141.161856 34.767744 -8.685444
141.179070 34.592691 -7.472583
>
141.055072 34.688926 -7.870555
141.179070 34.592691 -7.472583
141.161856 34.767744 -8.685444
141.055072 34.688926 -7.870555
>
139.604658 35.108704 -6.500426
139.491817 35.018155 -2.147473
139.614128 34.955693 -2.498893
139.604658 35.108704 -6.500426
>
139.830985 35.287613 -17.456178
139.749100 35.150267 -11.167537
139.893331 35.096891 -11.699485
139.830985 35.287613 -17.456178
>
140.504858 36.371272 -48.604197
140.451745 36.228877 -44.691809
140.597120 36.285796 -42.399942
140.504858 36.371272 -48.604197
>
139.992136 35.558117 -24.656276
140.145793 35.488019 -23.885649
140.140656 35.648132 -25.405569
139.992136 35.558117 -24.656276
>
139.789627 36.309048 -60.836063
139.727972 36.154516 -47.279856
139.888899 36.205736 -51.416865
139.789627 36.309048 -60.836063
>
139.472605 36.059858 -39.593462
139.531893 36.135303 -44.881898
139.447409 36.185908 -47.357114
139.472605 36.059858 -39.593462
>
141.179070 34.592691 -7.472583
141.055072 34.688926 -7.870555
141.012705 34.577875 -6.892294
141.179070 34.592691 -7.472583
>
139.831996 35.475566 -22.663008
139.830985 35.287613 -17.456178
139.979838 35.397516 -21.750105
139.831996 35.475566 -22.663008
>
140.438951 36.593240 -60.155416
140.329360 36.512761 -60.850876
140.433986 36.465824 -55.000003
140.438951 36.593240 -60.155416
>
140.685530 36.593240 -49.554897
140.574660 36.598573 -54.467327
140.646474 36.511450 -48.284250
140.685530 36.593240 -49.554897
>
141.070146 34.466490 -6.435898
141.179070 34.592691 -7.472583
141.012705 34.577875 -6.892294
141.070146 34.466490 -6.435898
>
140.062775 36.217027 -51.115670
140.113694 36.056661 -41.263498
140.213814 36.152687 -46.206838
140.062775 36.217027 -51.115670
>
141.110086 35.090926 -14.106677
141.088773 35.262600 -17.765967
140.967796 35.159950 -16.455321
141.110086 35.090926 -14.106677
>
140.175119 34.863318 -9.168383
140.027035 35.012562 -11.077420
140.004977 34.833816 -6.362444
140.175119 34.863318 -9.168383
>
141.161856 34.767744 -8.685444
141.350261 34.711811 -8.671105
141.269291 34.871501 -9.907890
141.161856 34.767744 -8.685444
>
140.113694 36.056661 -41.263498
140.062775 36.217027 -51.115670
139.994565 36.098948 -44.661587
140.113694 36.056661 -41.263498
>
141.195126 35.661694 -23.177737
141.107454 35.819634 -24.858853
141.021239 35.676491 -24.111589
141.195126 35.661694 -23.177737
>
140.685530 36.593240 -49.554897
140.633475 36.681264 -55.035271
140.574660 36.598573 -54.467327
140.685530 36.593240 -49.554897
>
140.633475 36.681264 -55.035271
140.510185 36.681264 -60.519640
140.574660 36.598573 -54.467327
140.633475 36.681264 -55.035271
>
140.027035 35.012562 -11.077420
140.175119 34.863318 -9.168383
140.166214 35.032097 -12.973028
140.027035 35.012562 -11.077420
>
140.350079 36.089429 -39.827726
140.313515 36.226712 -47.969586
140.213814 36.152687 -46.206838
140.350079 36.089429 -39.827726
>
140.877465 35.751037 -25.044477
141.021239 35.676491 -24.111589
140.977618 35.830211 -25.298552
140.877465 35.751037 -25.044477
>
141.238956 34.415581 -7.012750
141.407766 34.364671 -7.480160
141.364507 34.520238 -7.808116
141.238956 34.415581 -7.012750
>
141.021239 35.676491 -24.111589
141.107454 35.819634 -24.858853
140.977618 35.830211 -25.298552
141.021239 35.676491 -24.111589
>
140.650084 36.396720 -44.483815
140.734846 36.482581 -44.552489
140.646474 36.511450 -48.284250
140.650084 36.396720 -44.483815
>
140.631334 35.769866 -25.424779
140.733870 35.637796 -24.591024
140.759776 35.792927 -25.373221
140.631334 35.769866 -25.424779
>
140.821027 35.416253 -21.634424
140.611969 35.478595 -23.179399
140.648660 35.293765 -20.025733
140.821027 35.416253 -21.634424
>
139.653611 35.256550 -13.903680
139.604658 35.108704 -6.500426
139.749100 35.150267 -11.167537
139.653611 35.256550 -13.903680
>
139.973309 35.965058 -34.851456
139.859630 35.816360 -27.103651
140.017655 35.833607 -27.948391
139.973309 35.965058 -34.851456
>
141.179070 34.592691 -7.472583
141.238956 34.415581 -7.012750
141.364507 34.520238 -7.808116
141.179070 34.592691 -7.472583
>
140.739947 34.987557 -13.790603
140.787739 35.181013 -17.577217
140.648070 35.097005 -16.098879
140.739947 34.987557 -13.790603
>
140.201601 36.298119 -53.649209
140.062775 36.217027 -51.115670
140.213814 36.152687 -46.206838
140.201601 36.298119 -53.649209
>
141.364507 34.520238 -7.808116
141.407766 34.364671 -7.480160
141.510589 34.436961 -8.073641
141.364507 34.520238 -7.808116
>
140.735472 34.557558 -5.879008
140.892478 34.667887 -7.612609
140.743313 34.685820 -7.929142
140.735472 34.557558 -5.879008
>
140.611969 35.478595 -23.179399
140.497469 35.361067 -21.572321
140.648660 35.293765 -20.025733
140.611969 35.478595 -23.179399
>
139.332086 35.360903 -12.590385
139.334057 35.213935 -4.358728
139.443510 35.325315 -13.062568
139.332086 35.360903 -12.590385
>
141.814442 34.394237 -9.469708
141.745883 34.575773 -9.682877
141.641009 34.457254 -8.727806
141.814442 34.394237 -9.469708
>
140.350079 36.089429 -39.827726
140.213814 36.152687 -46.206838
140.232387 36.027299 -38.018164
140.350079 36.089429 -39.827726
>
140.679214 36.174632 -35.375384
140.727668 36.278165 -37.963295
140.597120 36.285796 -42.399942
140.679214 36.174632 -35.375384
>
140.451745 36.228877 -44.691809
140.567645 36.168153 -38.299041
140.597120 36.285796 -42.399942
140.451745 36.228877 -44.691809
>
139.491817 35.018155 -2.147473
139.604658 35.108704 -6.500426
139.445642 35.126591 -3.660272
139.491817 35.018155 -2.147473
>
140.485413 36.086554 -36.548570
140.624732 36.064907 -31.911884
140.567645 36.168153 -38.299041
140.485413 36.086554 -36.548570
>
139.604658 35.108704 -6.500426
139.505886 35.230060 -9.202462
139.445642 35.126591 -3.660272
139.604658 35.108704 -6.500426
>
139.334057 35.213935 -4.358728
139.505886 35.230060 -9.202462
139.443510 35.325315 -13.062568
139.334057 35.213935 -4.358728
>
139.364963 36.147251 -44.711300
139.364963 36.003060 -31.751009
139.472605 36.059858 -39.593462
139.364963 36.147251 -44.711300
>
139.502899 35.642294 -23.857978
139.587617 35.780277 -25.670011
139.458556 35.769333 -25.331288
139.502899 35.642294 -23.857978
>
141.421277 34.915095 -10.656186
141.266191 35.010832 -11.856610
141.269291 34.871501 -9.907890
141.421277 34.915095 -10.656186
>
140.862149 35.926316 -26.045793
140.877465 35.751037 -25.044477
140.977618 35.830211 -25.298552
140.862149 35.926316 -26.045793
>
140.027035 35.012562 -11.077420
139.891167 34.897705 -6.202892
140.004977 34.833816 -6.362444
140.027035 35.012562 -11.077420
>
140.454309 35.819159 -26.245055
140.266480 35.762920 -26.089846
140.399885 35.678274 -25.306990
140.454309 35.819159 -26.245055
>
140.454309 35.819159 -26.245055
140.558724 35.942408 -28.233259
140.438167 35.973900 -31.337018
140.454309 35.819159 -26.245055
>
141.370471 35.345813 -17.588333
141.282799 35.503753 -20.555861
141.235276 35.337959 -18.270578
141.370471 35.345813 -17.588333
>
139.364963 36.003060 -31.751009
139.507680 35.922051 -28.128063
139.472605 36.059858 -39.593462
139.364963 36.003060 -31.751009
>
140.805728 34.831613 -10.430951
140.645290 34.782773 -9.950600
140.743313 34.685820 -7.929142
140.805728 34.831613 -10.430951
>
140.805728 34.831613 -10.430951
140.739947 34.987557 -13.790603
140.692882 34.882225 -11.829862
140.805728 34.831613 -10.430951
>
141.745883 34.575773 -9.682877
141.677325 34.757310 -10.350894
141.609420 34.639107 -9.241234
141.745883 34.575773 -9.682877
>
140.266480 35.762920 -26.089846
140.282196 35.582932 -24.931075
140.399885 35.678274 -25.306990
140.266480 35.762920 -26.089846
>
140.805728 34.831613 -10.430951
140.892478 34.667887 -7.612609
140.993717 34.816019 -9.397141
140.805728 34.831613 -10.430951
>
140.645290 34.782773 -9.950600
140.805728 34.831613 -10.430951
140.692882 34.882225 -11.829862
140.645290 34.782773 -9.950600
>
140.739947 34.987557 -13.790603
140.572551 34.934117 -12.936177
140.692882 34.882225 -11.829862
140.739947 34.987557 -13.790603
>
140.892478 34.667887 -7.612609
141.055072 34.688926 -7.870555
140.993717 34.816019 -9.397141
140.892478 34.667887 -7.612609
>
140.572551 34.934117 -12.936177
140.645290 34.782773 -9.950600
140.692882 34.882225 -11.829862
140.572551 34.934117 -12.936177
>
140.219770 36.432282 -60.488703
140.082782 36.379467 -60.960547
140.201601 36.298119 -53.649209
140.219770 36.432282 -60.488703
>
140.702717 35.928312 -26.691895
140.631334 35.769866 -25.424779
140.759776 35.792927 -25.373221
140.702717 35.928312 -26.691895
>
141.122268 34.926006 -10.793885
141.161856 34.767744 -8.685444
141.269291 34.871501 -9.907890
141.122268 34.926006 -10.793885
>
139.793245 35.965550 -33.628749
139.619921 36.043079 -39.288220
139.682323 35.877200 -27.842316
139.793245 35.965550 -33.628749
>
141.519762 34.561618 -8.532948
141.364507 34.520238 -7.808116
141.510589 34.436961 -8.073641
141.519762 34.561618 -8.532948
>
141.021239 35.676491 -24.111589
140.877465 35.751037 -25.044477
140.889814 35.597364 -23.782546
141.021239 35.676491 -24.111589
>
141.122449 35.415287 -20.452870
141.282799 35.503753 -20.555861
141.122284 35.549856 -22.367078
141.122449 35.415287 -20.452870
>
141.282799 35.503753 -20.555861
141.122449 35.415287 -20.452870
141.235276 35.337959 -18.270578
141.282799 35.503753 -20.555861
>
141.520876 34.748511 -9.470537
141.519762 34.561618 -8.532948
141.609420 34.639107 -9.241234
141.520876 34.748511 -9.470537
>
141.283018 35.187156 -14.816817
141.370471 35.345813 -17.588333
141.235276 35.337959 -18.270578
141.283018 35.187156 -14.816817
>
139.354004 35.692880 -23.887897
139.502899 35.642294 -23.857978
139.458556 35.769333 -25.331288
139.354004 35.692880 -23.887897
>
139.364963 35.858868 -25.699087
139.354004 35.692880 -23.887897
139.458556 35.769333 -25.331288
139.364963 35.858868 -25.699087
>
140.932109 36.135515 -29.391117
140.858136 36.253718 -34.267687
140.792541 36.182133 -32.554989
140.932109 36.135515 -29.391117
>
140.122648 35.321568 -20.524758
140.000472 35.214521 -16.663472
140.148998 35.170977 -16.450578
140.122648 35.321568 -20.524758
>
140.558724 35.942408 -28.233259
140.485413 36.086554 -36.548570
140.438167 35.973900 -31.337018
140.558724 35.942408 -28.233259
>
139.945794 36.326653 -60.125668
139.789627 36.309048 -60.836063
139.888899 36.205736 -51.416865
139.945794 36.326653 -60.125668
>
139.830985 35.287613 -17.456178
139.653611 35.256550 -13.903680
139.749100 35.150267 -11.167537
139.830985 35.287613 -17.456178
>
140.313515 36.226712 -47.969586
140.201601 36.298119 -53.649209
140.213814 36.152687 -46.206838
140.313515 36.226712 -47.969586
>
140.145793 35.488019 -23.885649
140.282196 35.582932 -24.931075
140.140656 35.648132 -25.405569
140.145793 35.488019 -23.885649
>
140.485413 36.086554 -36.548570
140.350079 36.089429 -39.827726
140.438167 35.973900 -31.337018
140.485413 36.086554 -36.548570
>
140.574660 36.598573 -54.467327
140.542550 36.489084 -51.704838
140.646474 36.511450 -48.284250
140.574660 36.598573 -54.467327
>
141.282799 35.503753 -20.555861
141.195126 35.661694 -23.177737
141.122284 35.549856 -22.367078
141.282799 35.503753 -20.555861
>
139.516041 34.855963 -1.564633
139.694081 34.791926 -1.728425
139.614128 34.955693 -2.498893
139.516041 34.855963 -1.564633
>
140.049329 34.697884 -4.185107
140.175119 34.863318 -9.168383
140.004977 34.833816 -6.362444
140.049329 34.697884 -4.185107
>
139.831996 35.475566 -22.663008
139.667926 35.568935 -23.503001
139.677201 35.413397 -19.745057
139.831996 35.475566 -22.663008
>
139.587617 35.780277 -25.670011
139.725844 35.735884 -25.671602
139.682323 35.877200 -27.842316
139.587617 35.780277 -25.670011
>
140.858136 36.253718 -34.267687
140.784162 36.371922 -39.485763
140.727668 36.278165 -37.963295
140.858136 36.253718 -34.267687
>
140.734846 36.482581 -44.552489
140.685530 36.593240 -49.554897
140.646474 36.511450 -48.284250
140.734846 36.482581 -44.552489
>
139.587617 35.780277 -25.670011
139.502899 35.642294 -23.857978
139.621384 35.679381 -25.069042
139.587617 35.780277 -25.670011
>
139.364963 36.291443 -61.537110
139.364963 36.147251 -44.711300
139.447409 36.185908 -47.357114
139.364963 36.291443 -61.537110
>
139.336029 35.066968 -1.135301
139.491817 35.018155 -2.147473
139.445642 35.126591 -3.660272
139.336029 35.066968 -1.135301
>
140.350079 36.089429 -39.827726
140.315515 35.929978 -30.798486
140.438167 35.973900 -31.337018
140.350079 36.089429 -39.827726
>
141.641009 34.457254 -8.727806
141.519762 34.561618 -8.532948
141.510589 34.436961 -8.073641
141.641009 34.457254 -8.727806
>
140.422116 35.004431 -13.890160
140.306658 35.125164 -16.060729
140.282513 34.995685 -13.018962
140.422116 35.004431 -13.890160
>
141.088773 35.262600 -17.765967
141.122449 35.415287 -20.452870
140.990265 35.370736 -20.304233
141.088773 35.262600 -17.765967
>
139.499212 36.291443 -61.168952
139.364963 36.291443 -61.537110
139.447409 36.185908 -47.357114
139.499212 36.291443 -61.168952
>
140.994577 35.504386 -22.312170
141.122449 35.415287 -20.452870
141.122284 35.549856 -22.367078
140.994577 35.504386 -22.312170
>
140.994577 35.504386 -22.312170
141.021239 35.676491 -24.111589
140.889814 35.597364 -23.782546
140.994577 35.504386 -22.312170
>
139.553837 35.349261 -16.355783
139.653611 35.256550 -13.903680
139.677201 35.413397 -19.745057
139.553837 35.349261 -16.355783
>
139.502899 35.642294 -23.857978
139.667926 35.568935 -23.503001
139.621384 35.679381 -25.069042
139.502899 35.642294 -23.857978
>
139.872122 34.727889 -2.907086
140.049329 34.697884 -4.185107
140.004977 34.833816 -6.362444
139.872122 34.727889 -2.907086
>
139.334057 35.213935 -4.358728
139.336029 35.066968 -1.135301
139.445642 35.126591 -3.660272
139.334057 35.213935 -4.358728
>
139.505886 35.230060 -9.202462
139.334057 35.213935 -4.358728
139.445642 35.126591 -3.660272
139.505886 35.230060 -9.202462
>
140.912524 35.276188 -18.946852
141.088773 35.262600 -17.765967
140.990265 35.370736 -20.304233
140.912524 35.276188 -18.946852
>
140.226537 34.667878 -5.106570
140.403744 34.637873 -5.689526
140.317827 34.771487 -8.350615
140.226537 34.667878 -5.106570
>
141.122449 35.415287 -20.452870
140.994577 35.504386 -22.312170
140.990265 35.370736 -20.304233
141.122449 35.415287 -20.452870
>
141.021239 35.676491 -24.111589
140.994577 35.504386 -22.312170
141.122284 35.549856 -22.367078
141.021239 35.676491 -24.111589
>
139.859630 35.816360 -27.103651
139.985358 35.710372 -25.832137
140.017655 35.833607 -27.948391
139.859630 35.816360 -27.103651
>
140.624732 36.064907 -31.911884
140.679214 36.174632 -35.375384
140.567645 36.168153 -38.299041
140.624732 36.064907 -31.911884
>
141.088773 35.262600 -17.765967
140.912524 35.276188 -18.946852
140.967796 35.159950 -16.455321
141.088773 35.262600 -17.765967
>
140.451745 36.228877 -44.691809
140.485413 36.086554 -36.548570
140.567645 36.168153 -38.299041
140.451745 36.228877 -44.691809
>
139.553837 35.349261 -16.355783
139.491685 35.472418 -19.449240
139.443510 35.325315 -13.062568
139.553837 35.349261 -16.355783
>
140.166214 35.032097 -12.973028
140.306658 35.125164 -16.060729
140.148998 35.170977 -16.450578
140.166214 35.032097 -12.973028
>
141.195126 35.661694 -23.177737
141.021239 35.676491 -24.111589
141.122284 35.549856 -22.367078
141.195126 35.661694 -23.177737
>
140.892478 34.667887 -7.612609
140.805728 34.831613 -10.430951
140.743313 34.685820 -7.929142
140.892478 34.667887 -7.612609
>
139.491817 35.018155 -2.147473
139.516041 34.855963 -1.564633
139.614128 34.955693 -2.498893
139.491817 35.018155 -2.147473
>
140.901336 34.517400 -6.049180
141.070146 34.466490 -6.435898
141.012705 34.577875 -6.892294
140.901336 34.517400 -6.049180
>
140.892478 34.667887 -7.612609
140.901336 34.517400 -6.049180
141.012705 34.577875 -6.892294
140.892478 34.667887 -7.612609
>
140.027035 35.012562 -11.077420
140.000472 35.214521 -16.663472
139.893331 35.096891 -11.699485
140.027035 35.012562 -11.077420
>
141.055072 34.688926 -7.870555
140.892478 34.667887 -7.612609
141.012705 34.577875 -6.892294
141.055072 34.688926 -7.870555
>
141.107454 35.819634 -24.858853
141.019781 35.977575 -26.751432
140.977618 35.830211 -25.298552
141.107454 35.819634 -24.858853
>
140.403744 34.637873 -5.689526
140.460477 34.798980 -10.007484
140.317827 34.771487 -8.350615
140.403744 34.637873 -5.689526
>
139.891167 34.897705 -6.202892
139.872122 34.727889 -2.907086
140.004977 34.833816 -6.362444
139.891167 34.897705 -6.202892
>
140.650084 36.396720 -44.483815
140.504858 36.371272 -48.604197
140.597120 36.285796 -42.399942
140.650084 36.396720 -44.483815
>
140.727668 36.278165 -37.963295
140.679214 36.174632 -35.375384
140.792541 36.182133 -32.554989
140.727668 36.278165 -37.963295
>
139.749100 35.150267 -11.167537
139.762739 35.001045 -6.453030
139.893331 35.096891 -11.699485
139.749100 35.150267 -11.167537
>
141.407766 34.364671 -7.480160
141.566177 34.314014 -7.891205
141.510589 34.436961 -8.073641
141.407766 34.364671 -7.480160
>
141.523898 35.051561 -12.577847
141.447184 35.198687 -14.716742
141.391206 35.074306 -12.595810
141.523898 35.051561 -12.577847
>
139.985358 35.710372 -25.832137
140.121137 35.774805 -26.553087
140.017655 35.833607 -27.948391
139.985358 35.710372 -25.832137
>
140.113694 36.056661 -41.263498
140.151665 35.907161 -30.906504
140.232387 36.027299 -38.018164
140.113694 36.056661 -41.263498
>
141.677325 34.757310 -10.350894
141.520876 34.748511 -9.470537
141.609420 34.639107 -9.241234
141.677325 34.757310 -10.350894
>
140.151665 35.907161 -30.906504
140.315515 35.929978 -30.798486
140.232387 36.027299 -38.018164
140.151665 35.907161 -30.906504
>
141.019781 35.977575 -26.751432
140.862149 35.926316 -26.045793
140.977618 35.830211 -25.298552
141.019781 35.977575 -26.751432
>
139.505886 35.230060 -9.202462
139.553837 35.349261 -16.355783
139.443510 35.325315 -13.062568
139.505886 35.230060 -9.202462
>
141.566177 34.314014 -7.891205
141.641009 34.457254 -8.727806
141.510589 34.436961 -8.073641
141.566177 34.314014 -7.891205
>
140.460477 34.798980 -10.007484
140.329541 34.888160 -11.139565
140.317827 34.771487 -8.350615
140.460477 34.798980 -10.007484
>
140.306658 35.125164 -16.060729
140.377703 35.261800 -19.604374
140.252886 35.257250 -19.288321
140.306658 35.125164 -16.060729
>
139.725844 35.735884 -25.671602
139.587617 35.780277 -25.670011
139.621384 35.679381 -25.069042
139.725844 35.735884 -25.671602
>
140.377703 35.261800 -19.604374
140.302070 35.397342 -22.435081
140.252886 35.257250 -19.288321
140.377703 35.261800 -19.604374
>
140.122648 35.321568 -20.524758
140.148998 35.170977 -16.450578
140.252886 35.257250 -19.288321
140.122648 35.321568 -20.524758
>
140.148998 35.170977 -16.450578
140.306658 35.125164 -16.060729
140.252886 35.257250 -19.288321
140.148998 35.170977 -16.450578
>
140.306658 35.125164 -16.060729
140.166214 35.032097 -12.973028
140.282513 34.995685 -13.018962
140.306658 35.125164 -16.060729
>
140.567645 36.168153 -38.299041
140.679214 36.174632 -35.375384
140.597120 36.285796 -42.399942
140.567645 36.168153 -38.299041
>
140.329541 34.888160 -11.139565
140.422116 35.004431 -13.890160
140.282513 34.995685 -13.018962
140.329541 34.888160 -11.139565
>
140.213814 36.152687 -46.206838
140.113694 36.056661 -41.263498
140.232387 36.027299 -38.018164
140.213814 36.152687 -46.206838
>
140.315515 35.929978 -30.798486
140.350079 36.089429 -39.827726
140.232387 36.027299 -38.018164
140.315515 35.929978 -30.798486
>
140.858136 36.253718 -34.267687
140.727668 36.278165 -37.963295
140.792541 36.182133 -32.554989
140.858136 36.253718 -34.267687
