140.166962 35.528275 -24.441934
140.270455 35.514916 -24.255141
140.264767 35.610868 -25.130552
140.166962 35.528275 -24.441934
>
140.237493 35.981643 -35.013528
140.121790 36.014198 -38.230944
140.142481 35.905758 -30.863830
140.237493 35.981643 -35.013528
>
140.169885 35.655664 -25.427659
140.166962 35.528275 -24.441934
140.264767 35.610868 -25.130552
140.169885 35.655664 -25.427659
>
139.872122 34.727889 -2.907086
140.005027 34.705385 -3.849618
139.960982 34.829842 -5.692143
139.872122 34.727889 -2.907086
>
141.349372 34.960114 -11.071788
141.299153 35.078661 -12.833674
141.211898 34.997816 -11.785052
141.349372 34.960114 -11.071788
>
139.644135 35.136797 -8.432257
139.515812 35.203770 -8.196886
139.493201 35.032575 -2.381253
139.644135 35.136797 -8.432257
>
140.179263 35.123207 -15.328116
140.336194 35.096192 -15.489022
140.263109 35.215498 -18.229354
140.179263 35.123207 -15.328116
>
139.927313 35.980309 -35.830315
139.920587 36.084799 -43.739567
139.844268 36.026907 -39.422667
139.927313 35.980309 -35.830315
>
140.663084 35.109316 -16.344155
140.528604 35.139075 -16.933165
140.580449 34.999406 -14.149400
140.663084 35.109316 -16.344155
>
140.121790 36.014198 -38.230944
140.237493 35.981643 -35.013528
140.214475 36.091986 -42.565730
140.121790 36.014198 -38.230944
>
139.844268 36.026907 -39.422667
139.747683 36.045578 -40.484473
139.824436 35.928401 -31.359649
139.844268 36.026907 -39.422667
>
139.515898 35.703874 -24.988470
139.615711 35.837233 -26.417690
139.465258 35.806113 -25.474305
139.515898 35.703874 -24.988470
>
139.644135 35.136797 -8.432257
139.794577 35.156407 -12.208252
139.714193 35.270183 -15.443133
139.644135 35.136797 -8.432257
>
139.516650 35.492662 -20.202530
139.569043 35.347653 -16.495748
139.633072 35.488387 -21.293202
139.516650 35.492662 -20.202530
>
139.338000 34.920000 -1.498972
139.471530 34.871972 -1.557647
139.493201 35.032575 -2.381253
139.338000 34.920000 -1.498972
>
139.515898 35.703874 -24.988470
139.356744 35.734377 -24.742031
139.452030 35.611028 -22.667284
139.515898 35.703874 -24.988470
>
139.747683 36.045578 -40.484473
139.723320 35.914782 -29.762310
139.824436 35.928401 -31.359649
139.747683 36.045578 -40.484473
>
140.190968 34.911421 -10.454667
140.321440 34.823973 -9.664093
140.325039 34.963917 -12.638210
140.190968 34.911421 -10.454667
>
139.336029 35.066968 -1.135301
139.338000 34.920000 -1.498972
139.493201 35.032575 -2.381253
139.336029 35.066968 -1.135301
>
140.578151 35.507121 -23.644877
140.455390 35.520607 -24.088188
140.457203 35.416839 -22.613089
140.578151 35.507121 -23.644877
>
141.299153 35.078661 -12.833674
141.349372 34.960114 -11.071788
141.395073 35.053091 -12.303009
141.299153 35.078661 -12.833674
>
140.552672 35.359422 -21.437032
140.578151 35.507121 -23.644877
140.457203 35.416839 -22.613089
140.552672 35.359422 -21.437032
>
140.166962 35.528275 -24.441934
140.169885 35.655664 -25.427659
140.087848 35.595471 -25.093351
140.166962 35.528275 -24.441934
>
139.771328 35.528363 -23.376094
139.824529 35.657173 -25.323685
139.727248 35.654409 -25.117369
139.771328 35.528363 -23.376094
>
139.516650 35.492662 -20.202530
139.633072 35.488387 -21.293202
139.555236 35.602487 -23.374745
139.516650 35.492662 -20.202530
>
141.021090 34.617061 -7.215207
141.156626 34.648421 -7.730606
141.088373 34.762924 -8.601471
141.021090 34.617061 -7.215207
>
139.771328 35.528363 -23.376094
139.819418 35.363083 -19.711682
139.914818 35.480996 -23.222597
139.771328 35.528363 -23.376094
>
140.087190 36.230181 -51.632330
140.082782 36.379467 -60.960547
140.000640 36.258114 -54.469138
140.087190 36.230181 -51.632330
>
139.920587 36.084799 -43.739567
139.927313 35.980309 -35.830315
140.015417 36.049343 -41.261165
139.920587 36.084799 -43.739567
>
139.914818 35.480996 -23.222597
139.819418 35.363083 -19.711682
139.930991 35.322056 -19.456486
139.914818 35.480996 -23.222597
>
139.654147 35.595665 -23.949218
139.771328 35.528363 -23.376094
139.727248 35.654409 -25.117369
139.654147 35.595665 -23.949218
>
139.943687 35.711537 -25.813592
139.992129 35.595753 -25.050657
140.066049 35.696863 -25.730990
139.943687 35.711537 -25.813592
>
140.321440 34.823973 -9.664093
140.270838 34.660377 -5.284486
140.390807 34.731948 -7.920362
140.321440 34.823973 -9.664093
>
140.321440 34.823973 -9.664093
140.190968 34.911421 -10.454667
140.203189 34.778312 -7.427890
140.321440 34.823973 -9.664093
>
140.336194 35.096192 -15.489022
140.179263 35.123207 -15.328116
140.225461 35.021373 -13.183480
140.336194 35.096192 -15.489022
>
140.961295 34.740344 -8.455537
141.021090 34.617061 -7.215207
141.088373 34.762924 -8.601471
140.961295 34.740344 -8.455537
>
139.615711 35.837233 -26.417690
139.515898 35.703874 -24.988470
139.633899 35.688267 -25.182622
139.615711 35.837233 -26.417690
>
139.569043 35.347653 -16.495748
139.433811 35.415844 -17.280205
139.425947 35.284700 -10.103521
139.569043 35.347653 -16.495748
>
140.635068 35.255096 -19.309643
140.528604 35.139075 -16.933165
140.663084 35.109316 -16.344155
140.635068 35.255096 -19.309643
>
139.633072 35.488387 -21.293202
139.654147 35.595665 -23.949218
139.555236 35.602487 -23.374745
139.633072 35.488387 -21.293202
>
140.295763 35.819259 -26.899866
140.386140 35.840435 -26.932024
140.341247 35.927199 -30.316311
140.295763 35.819259 -26.899866
>
140.411994 35.211737 -18.462041
140.344502 35.335220 -21.211510
140.263109 35.215498 -18.229354
140.411994 35.211737 -18.462041
>
140.678863 35.734191 -25.228864
140.697865 35.617011 -24.505505
140.813981 35.711152 -24.929438
140.678863 35.734191 -25.228864
>
141.677325 34.757310 -10.350894
141.615954 34.875011 -10.828958
141.505321 34.762391 -9.515483
141.677325 34.757310 -10.350894
>
140.386140 35.840435 -26.932024
140.295763 35.819259 -26.899866
140.367386 35.755166 -25.769683
140.386140 35.840435 -26.932024
>
139.515812 35.203770 -8.196886
139.569043 35.347653 -16.495748
139.425947 35.284700 -10.103521
139.515812 35.203770 -8.196886
>
140.270838 34.660377 -5.284486
140.321440 34.823973 -9.664093
140.203189 34.778312 -7.427890
140.270838 34.660377 -5.284486
>
140.682648 35.007433 -14.290557
140.663084 35.109316 -16.344155
140.580449 34.999406 -14.149400
140.682648 35.007433 -14.290557
>
140.295763 35.819259 -26.899866
140.341247 35.927199 -30.316311
140.240706 35.890810 -29.528051
140.295763 35.819259 -26.899866
>
140.329360 36.512761 -60.850876
140.219770 36.432282 -60.488703
140.353423 36.392167 -54.457027
140.329360 36.512761 -60.850876
>
140.336194 35.096192 -15.489022
140.411994 35.211737 -18.462041
140.263109 35.215498 -18.229354
140.336194 35.096192 -15.489022
>
139.356744 35.734377 -24.742031
139.515898 35.703874 -24.988470
139.465258 35.806113 -25.474305
139.356744 35.734377 -24.742031
>
141.431842 35.228112 -15.290109
141.278840 35.214369 -15.371331
141.379507 35.136589 -13.529583
141.431842 35.228112 -15.290109
>
140.697865 35.617011 -24.505505
140.678863 35.734191 -25.228864
140.585703 35.642992 -24.931416
140.697865 35.617011 -24.505505
>
141.431842 35.228112 -15.290109
141.370471 35.345813 -17.588333
141.278840 35.214369 -15.371331
141.431842 35.228112 -15.290109
>
140.454908 35.021283 -14.321452
140.336194 35.096192 -15.489022
140.325039 34.963917 -12.638210
140.454908 35.021283 -14.321452
>
139.747683 36.045578 -40.484473
139.788341 36.166305 -48.406409
139.681410 36.187225 -49.379096
139.747683 36.045578 -40.484473
>
139.493201 35.032575 -2.381253
139.515812 35.203770 -8.196886
139.428910 35.134444 -3.552007
139.493201 35.032575 -2.381253
>
139.569043 35.347653 -16.495748
139.516650 35.492662 -20.202530
139.433811 35.415844 -17.280205
139.569043 35.347653 -16.495748
>
140.005744 35.403847 -22.011871
139.914818 35.480996 -23.222597
139.930991 35.322056 -19.456486
140.005744 35.403847 -22.011871
>
139.960982 34.829842 -5.692143
140.005027 34.705385 -3.849618
140.094766 34.812906 -7.025862
139.960982 34.829842 -5.692143
>
140.638684 36.280422 -40.844144
140.672205 36.124286 -33.381640
140.754601 36.235097 -35.565036
140.638684 36.280422 -40.844144
>
140.528604 35.139075 -16.933165
140.635068 35.255096 -19.309643
140.516788 35.256744 -19.486468
140.528604 35.139075 -16.933165
>
139.737571 36.303180 -60.861679
139.681410 36.187225 -49.379096
139.791763 36.242534 -54.694493
139.737571 36.303180 -60.861679
>
141.505321 34.762391 -9.515483
141.615954 34.875011 -10.828958
141.469449 34.885817 -10.474314
141.505321 34.762391 -9.515483
>
140.638684 36.280422 -40.844144
140.500917 36.269082 -44.888290
140.553669 36.179657 -39.215090
140.638684 36.280422 -40.844144
>
141.526575 34.326678 -7.744691
141.645383 34.288685 -8.227312
141.618432 34.424951 -8.517903
141.526575 34.326678 -7.744691
>
140.270455 35.514916 -24.255141
140.166962 35.528275 -24.441934
140.228146 35.411235 -22.669575
140.270455 35.514916 -24.255141
>
139.819418 35.363083 -19.711682
139.714193 35.270183 -15.443133
139.861027 35.248899 -16.452182
139.819418 35.363083 -19.711682
>
141.362785 34.702016 -8.645609
141.505321 34.762391 -9.515483
141.361531 34.828240 -9.639124
141.362785 34.702016 -8.645609
>
140.812727 34.703031 -8.166772
140.776938 34.547518 -5.907277
140.895671 34.625754 -7.108814
140.812727 34.703031 -8.166772
>
139.992129 35.595753 -25.050657
139.943687 35.711537 -25.813592
139.896156 35.588849 -24.838443
139.992129 35.595753 -25.050657
>
140.672205 36.124286 -33.381640
140.638684 36.280422 -40.844144
140.553669 36.179657 -39.215090
140.672205 36.124286 -33.381640
>
140.082782 36.379467 -60.960547
139.945794 36.326653 -60.125668
140.000640 36.258114 -54.469138
140.082782 36.379467 -60.960547
>
140.340063 35.669936 -25.332365
140.455093 35.685946 -25.283413
140.367386 35.755166 -25.769683
140.340063 35.669936 -25.332365
>
139.714193 35.270183 -15.443133
139.794577 35.156407 -12.208252
139.861027 35.248899 -16.452182
139.714193 35.270183 -15.443133
>
139.644135 35.136797 -8.432257
139.493201 35.032575 -2.381253
139.650027 34.983321 -3.688751
139.644135 35.136797 -8.432257
>
140.367386 35.755166 -25.769683
140.455093 35.685946 -25.283413
140.463268 35.799133 -25.957271
140.367386 35.755166 -25.769683
>
140.528604 35.139075 -16.933165
140.454908 35.021283 -14.321452
140.580449 34.999406 -14.149400
140.528604 35.139075 -16.933165
>
139.794577 35.156407 -12.208252
139.644135 35.136797 -8.432257
139.748436 35.058457 -7.890373
139.794577 35.156407 -12.208252
>
140.082782 36.379467 -60.960547
140.087190 36.230181 -51.632330
140.180191 36.285492 -53.379398
140.082782 36.379467 -60.960547
>
140.841310 35.289326 -19.436626
140.757259 35.195906 -17.937267
140.880116 35.150823 -16.692713
140.841310 35.289326 -19.436626
>
140.956089 35.245769 -18.191727
140.841310 35.289326 -19.436626
140.880116 35.150823 -16.692713
140.956089 35.245769 -18.191727
>
139.771328 35.528363 -23.376094
139.654147 35.595665 -23.949218
139.633072 35.488387 -21.293202
139.771328 35.528363 -23.376094
>
140.672205 36.124286 -33.381640
140.819818 36.145137 -30.669867
140.754601 36.235097 -35.565036
140.672205 36.124286 -33.381640
>
139.364963 36.003060 -31.751009
139.364963 35.858868 -25.699087
139.479297 35.915334 -27.618776
139.364963 36.003060 -31.751009
>
139.737571 36.303180 -60.861679
139.633460 36.291443 -60.490124
139.681410 36.187225 -49.379096
139.737571 36.303180 -60.861679
>
139.872122 34.727889 -2.907086
139.960982 34.829842 -5.692143
139.833736 34.855217 -4.468546
139.872122 34.727889 -2.907086
>
140.455093 35.685946 -25.283413
140.340063 35.669936 -25.332365
140.377250 35.580125 -24.813467
140.455093 35.685946 -25.283413
>
140.386140 35.840435 -26.932024
140.367386 35.755166 -25.769683
140.463268 35.799133 -25.957271
140.386140 35.840435 -26.932024
>
140.590346 35.974893 -28.842704
140.672205 36.124286 -33.381640
140.525543 36.075677 -35.002167
140.590346 35.974893 -28.842704
>
141.063294 35.660119 -23.801643
140.924427 35.648984 -24.182291
140.970545 35.536043 -22.805276
141.063294 35.660119 -23.801643
>
139.824529 35.657173 -25.323685
139.771328 35.528363 -23.376094
139.896156 35.588849 -24.838443
139.824529 35.657173 -25.323685
>
139.364963 36.003060 -31.751009
139.479297 35.915334 -27.618776
139.487782 36.058806 -39.640095
139.364963 36.003060 -31.751009
>
139.723320 35.914782 -29.762310
139.615711 35.837233 -26.417690
139.757812 35.833880 -27.063987
139.723320 35.914782 -29.762310
>
141.082604 35.545661 -22.488141
141.063294 35.660119 -23.801643
140.970545 35.536043 -22.805276
141.082604 35.545661 -22.488141
>
140.757259 35.195906 -17.937267
140.635068 35.255096 -19.309643
140.663084 35.109316 -16.344155
140.757259 35.195906 -17.937267
>
140.723256 35.922317 -26.490347
140.590346 35.974893 -28.842704
140.646907 35.851510 -25.954595
140.723256 35.922317 -26.490347
>
140.068635 35.173855 -15.961066
139.997044 35.048209 -11.659049
140.112242 35.036858 -12.611452
140.068635 35.173855 -15.961066
>
141.278840 35.214369 -15.371331
141.299153 35.078661 -12.833674
141.379507 35.136589 -13.529583
141.278840 35.214369 -15.371331
>
139.356744 35.734377 -24.742031
139.348524 35.609885 -21.593865
139.452030 35.611028 -22.667284
139.356744 35.734377 -24.742031
>
140.329360 36.512761 -60.850876
140.353423 36.392167 -54.457027
140.455864 36.456744 -53.773163
140.329360 36.512761 -60.850876
>
141.281159 34.402853 -7.139768
141.356528 34.563490 -7.936354
141.221725 34.541099 -7.380563
141.281159 34.402853 -7.139768
>
139.615711 35.837233 -26.417690
139.735104 35.736883 -25.693848
139.757812 35.833880 -27.063987
139.615711 35.837233 -26.417690
>
140.066049 35.696863 -25.730990
139.992129 35.595753 -25.050657
140.087848 35.595471 -25.093351
140.066049 35.696863 -25.730990
>
139.572652 35.966557 -31.245284
139.615711 35.837233 -26.417690
139.658163 35.969412 -32.430777
139.572652 35.966557 -31.245284
>
140.638684 36.280422 -40.844144
140.784162 36.371922 -39.485763
140.654845 36.411145 -44.768366
140.638684 36.280422 -40.844144
>
141.156626 34.648421 -7.730606
141.230347 34.767948 -8.789376
141.088373 34.762924 -8.601471
141.156626 34.648421 -7.730606
>
139.943687 35.711537 -25.813592
139.824529 35.657173 -25.323685
139.896156 35.588849 -24.838443
139.943687 35.711537 -25.813592
>
139.569043 35.347653 -16.495748
139.515812 35.203770 -8.196886
139.609919 35.240092 -12.255757
139.569043 35.347653 -16.495748
>
139.615711 35.837233 -26.417690
139.723320 35.914782 -29.762310
139.658163 35.969412 -32.430777
139.615711 35.837233 -26.417690
>
140.672205 36.124286 -33.381640
140.553669 36.179657 -39.215090
140.525543 36.075677 -35.002167
140.672205 36.124286 -33.381640
>
139.615711 35.837233 -26.417690
139.479297 35.915334 -27.618776
139.465258 35.806113 -25.474305
139.615711 35.837233 -26.417690
>
140.776938 34.547518 -5.907277
140.812727 34.703031 -8.166772
140.704278 34.670130 -7.624536
140.776938 34.547518 -5.907277
>
140.578151 35.507121 -23.644877
140.697865 35.617011 -24.505505
140.585703 35.642992 -24.931416
140.578151 35.507121 -23.644877
>
139.890875 36.207015 -51.513468
139.788341 36.166305 -48.406409
139.838076 36.105740 -44.834113
139.890875 36.207015 -51.513468
>
140.353423 36.392167 -54.457027
140.219770 36.432282 -60.488703
140.283600 36.317456 -52.770089
140.353423 36.392167 -54.457027
>
139.615711 35.837233 -26.417690
139.572652 35.966557 -31.245284
139.479297 35.915334 -27.618776
139.615711 35.837233 -26.417690
>
139.788341 36.166305 -48.406409
139.747683 36.045578 -40.484473
139.838076 36.105740 -44.834113
139.788341 36.166305 -48.406409
>
140.551493 35.856709 -26.391481
140.590346 35.974893 -28.842704
140.463039 35.901418 -27.942753
140.551493 35.856709 -26.391481
>
140.430998 36.148818 -41.212533
140.281430 36.197511 -47.300968
140.330202 36.057323 -38.323520
140.430998 36.148818 -41.212533
>
139.681410 36.187225 -49.379096
139.788341 36.166305 -48.406409
139.791763 36.242534 -54.694493
139.681410 36.187225 -49.379096
>
140.901336 34.517400 -6.049180
141.027943 34.479218 -6.306600
141.021090 34.617061 -7.215207
140.901336 34.517400 -6.049180
>
141.230347 34.767948 -8.789376
141.362785 34.702016 -8.645609
141.361531 34.828240 -9.639124
141.230347 34.767948 -8.789376
>
140.438951 36.593240 -60.155416
140.329360 36.512761 -60.850876
140.455864 36.456744 -53.773163
140.438951 36.593240 -60.155416
>
139.928609 35.855635 -28.506302
139.927313 35.980309 -35.830315
139.824436 35.928401 -31.359649
139.928609 35.855635 -28.506302
>
140.455390 35.520607 -24.088188
140.578151 35.507121 -23.644877
140.498205 35.598424 -24.776362
140.455390 35.520607 -24.088188
>
141.119978 35.797071 -24.618966
141.057355 35.909886 -25.903611
140.988849 35.779032 -24.991321
141.119978 35.797071 -24.618966
>
140.590346 35.974893 -28.842704
140.446275 36.010281 -33.262559
140.463039 35.901418 -27.942753
140.590346 35.974893 -28.842704
>
140.767811 35.399132 -21.532584
140.860282 35.500598 -22.726682
140.718205 35.502875 -23.199900
140.767811 35.399132 -21.532584
>
139.997044 35.048209 -11.659049
140.068635 35.173855 -15.961066
139.940546 35.142971 -13.769834
139.997044 35.048209 -11.659049
>
139.479297 35.915334 -27.618776
139.572652 35.966557 -31.245284
139.487782 36.058806 -39.640095
139.479297 35.915334 -27.618776
>
140.590346 35.974893 -28.842704
140.551493 35.856709 -26.391481
140.646907 35.851510 -25.954595
140.590346 35.974893 -28.842704
>
140.788185 35.055208 -15.061906
140.757259 35.195906 -17.937267
140.663084 35.109316 -16.344155
140.788185 35.055208 -15.061906
>
141.230347 34.767948 -8.789376
141.156626 34.648421 -7.730606
141.265556 34.644619 -8.009127
141.230347 34.767948 -8.789376
>
141.505321 34.762391 -9.515483
141.469449 34.885817 -10.474314
141.361531 34.828240 -9.639124
141.505321 34.762391 -9.515483
>
141.278840 35.214369 -15.371331
141.132071 35.183438 -15.845664
141.200938 35.104102 -13.771267
141.278840 35.214369 -15.371331
>
141.677325 34.757310 -10.350894
141.505321 34.762391 -9.515483
141.587176 34.645786 -9.170795
141.677325 34.757310 -10.350894
>
140.682648 35.007433 -14.290557
140.788185 35.055208 -15.061906
140.663084 35.109316 -16.344155
140.682648 35.007433 -14.290557
>
141.883000 34.212700 -9.348561
141.831581 34.348852 -9.424903
141.764192 34.250693 -8.799550
141.883000 34.212700 -9.348561
>
140.454908 35.021283 -14.321452
140.325039 34.963917 -12.638210
140.415379 34.906337 -12.010555
140.454908 35.021283 -14.321452
>
141.362785 34.702016 -8.645609
141.230347 34.767948 -8.789376
141.265556 34.644619 -8.009127
141.362785 34.702016 -8.645609
>
141.082729 35.046228 -13.348527
141.126114 34.898301 -10.316685
141.211898 34.997816 -11.785052
141.082729 35.046228 -13.348527
>
140.860282 35.500598 -22.726682
140.767811 35.399132 -21.532584
140.869768 35.390909 -21.075151
140.860282 35.500598 -22.726682
>
139.735104 35.736883 -25.693848
139.615711 35.837233 -26.417690
139.633899 35.688267 -25.182622
139.735104 35.736883 -25.693848
>
140.964753 35.421401 -21.226229
140.860282 35.500598 -22.726682
140.869768 35.390909 -21.075151
140.964753 35.421401 -21.226229
>
141.230347 34.767948 -8.789376
141.361531 34.828240 -9.639124
141.251910 34.891155 -10.133585
141.230347 34.767948 -8.789376
>
141.299153 35.078661 -12.833674
141.278840 35.214369 -15.371331
141.200938 35.104102 -13.771267
141.299153 35.078661 -12.833674
>
140.045178 34.930984 -9.232543
139.997044 35.048209 -11.659049
139.915064 34.946668 -7.756809
140.045178 34.930984 -9.232543
>
140.635068 35.255096 -19.309643
140.552672 35.359422 -21.437032
140.516788 35.256744 -19.486468
140.635068 35.255096 -19.309643
>
140.438951 36.593240 -60.155416
140.455864 36.456744 -53.773163
140.504039 36.531549 -54.967554
140.438951 36.593240 -60.155416
>
140.860282 35.500598 -22.726682
140.924427 35.648984 -24.182291
140.808361 35.604359 -24.096693
140.860282 35.500598 -22.726682
>
140.932109 36.135515 -29.391117
140.819818 36.145137 -30.669867
140.899457 36.046574 -27.469383
140.932109 36.135515 -29.391117
>
141.230347 34.767948 -8.789376
141.126114 34.898301 -10.316685
141.088373 34.762924 -8.601471
141.230347 34.767948 -8.789376
>
141.362785 34.702016 -8.645609
141.356528 34.563490 -7.936354
141.463025 34.642556 -8.656455
141.362785 34.702016 -8.645609
>
141.082729 35.046228 -13.348527
141.132071 35.183438 -15.845664
141.001278 35.139964 -15.856574
141.082729 35.046228 -13.348527
>
140.403744 34.637873 -5.689526
140.528142 34.607755 -5.768299
140.511402 34.718079 -8.245785
140.403744 34.637873 -5.689526
>
141.505321 34.762391 -9.515483
141.362785 34.702016 -8.645609
141.463025 34.642556 -8.656455
141.505321 34.762391 -9.515483
>
140.961295 34.740344 -8.455537
140.812727 34.703031 -8.166772
140.895671 34.625754 -7.108814
140.961295 34.740344 -8.455537
>
139.723320 35.914782 -29.762310
139.747683 36.045578 -40.484473
139.658163 35.969412 -32.430777
139.723320 35.914782 -29.762310
>
140.860282 35.500598 -22.726682
140.964753 35.421401 -21.226229
140.970545 35.536043 -22.805276
140.860282 35.500598 -22.726682
>
140.590346 35.974893 -28.842704
140.723256 35.922317 -26.490347
140.696126 36.014019 -28.636161
140.590346 35.974893 -28.842704
>
140.812727 34.703031 -8.166772
140.961295 34.740344 -8.455537
140.868492 34.793045 -9.479813
140.812727 34.703031 -8.166772
>
140.510185 36.681264 -60.519640
140.633475 36.681264 -55.035271
140.581419 36.769288 -60.451433
140.510185 36.681264 -60.519640
>
141.511089 34.533191 -8.394993
141.356528 34.563490 -7.936354
141.408411 34.459704 -7.770400
141.511089 34.533191 -8.394993
>
139.819418 35.363083 -19.711682
139.771328 35.528363 -23.376094
139.701234 35.398346 -19.577623
139.819418 35.363083 -19.711682
>
139.960982 34.829842 -5.692143
140.045178 34.930984 -9.232543
139.915064 34.946668 -7.756809
139.960982 34.829842 -5.692143
>
140.901336 34.517400 -6.049180
141.021090 34.617061 -7.215207
140.895671 34.625754 -7.108814
140.901336 34.517400 -6.049180
>
140.924427 35.648984 -24.182291
140.860282 35.500598 -22.726682
140.970545 35.536043 -22.805276
140.924427 35.648984 -24.182291
>
140.510185 36.681264 -60.519640
140.438951 36.593240 -60.155416
140.571910 36.585452 -54.099057
140.510185 36.681264 -60.519640
>
139.340305 35.485394 -18.375781
139.332086 35.360903 -12.590385
139.433811 35.415844 -17.280205
139.340305 35.485394 -18.375781
>
139.920587 36.084799 -43.739567
139.890875 36.207015 -51.513468
139.838076 36.105740 -44.834113
139.920587 36.084799 -43.739567
>
140.797165 36.033247 -27.953426
140.723256 35.922317 -26.490347
140.815594 35.898670 -25.911885
140.797165 36.033247 -27.953426
>
141.356528 34.563490 -7.936354
141.511089 34.533191 -8.394993
141.463025 34.642556 -8.656455
141.356528 34.563490 -7.936354
>
140.633475 36.681264 -55.035271
140.510185 36.681264 -60.519640
140.571910 36.585452 -54.099057
140.633475 36.681264 -55.035271
>
140.776938 34.547518 -5.907277
140.901336 34.517400 -6.049180
140.895671 34.625754 -7.108814
140.776938 34.547518 -5.907277
>
140.500917 36.269082 -44.888290
140.638684 36.280422 -40.844144
140.550385 36.371832 -47.095930
140.500917 36.269082 -44.888290
>
140.784162 36.371922 -39.485763
140.638684 36.280422 -40.844144
140.754601 36.235097 -35.565036
140.784162 36.371922 -39.485763
>
139.644135 35.136797 -8.432257
139.714193 35.270183 -15.443133
139.609919 35.240092 -12.255757
139.644135 35.136797 -8.432257
>
140.988849 35.779032 -24.991321
141.057355 35.909886 -25.903611
140.963747 35.889314 -25.648493
140.988849 35.779032 -24.991321
>
140.455093 35.685946 -25.283413
140.377250 35.580125 -24.813467
140.498205 35.598424 -24.776362
140.455093 35.685946 -25.283413
>
141.526575 34.326678 -7.744691
141.618432 34.424951 -8.517903
141.494720 34.423425 -7.967152
141.526575 34.326678 -7.744691
>
140.819818 36.145137 -30.669867
140.797165 36.033247 -27.953426
140.899457 36.046574 -27.469383
140.819818 36.145137 -30.669867
>
141.356528 34.563490 -7.936354
141.362785 34.702016 -8.645609
141.265556 34.644619 -8.009127
141.356528 34.563490 -7.936354
>
139.841630 35.841118 -27.670996
139.928609 35.855635 -28.506302
139.824436 35.928401 -31.359649
139.841630 35.841118 -27.670996
>
141.615954 34.875011 -10.828958
141.554583 34.992711 -11.981796
141.469449 34.885817 -10.474314
141.615954 34.875011 -10.828958
>
141.356528 34.563490 -7.936354
141.281159 34.402853 -7.139768
141.408411 34.459704 -7.770400
141.356528 34.563490 -7.936354
>
140.552672 35.359422 -21.437032
140.635068 35.255096 -19.309643
140.665566 35.390559 -21.691693
140.552672 35.359422 -21.437032
>
140.578151 35.507121 -23.644877
140.552672 35.359422 -21.437032
140.665566 35.390559 -21.691693
140.578151 35.507121 -23.644877
>
140.585703 35.642992 -24.931416
140.678863 35.734191 -25.228864
140.563554 35.761747 -25.478726
140.585703 35.642992 -24.931416
>
140.786870 34.860500 -11.069318
140.657525 34.883246 -11.928001
140.739017 34.771785 -9.541282
140.786870 34.860500 -11.069318
>
140.500917 36.269082 -44.888290
140.430998 36.148818 -41.212533
140.553669 36.179657 -39.215090
140.500917 36.269082 -44.888290
>
140.697865 35.617011 -24.505505
140.578151 35.507121 -23.644877
140.718205 35.502875 -23.199900
140.697865 35.617011 -24.505505
>
139.650027 34.983321 -3.688751
139.493201 35.032575 -2.381253
139.547097 34.943142 -1.614561
139.650027 34.983321 -3.688751
>
140.635068 35.255096 -19.309643
140.757259 35.195906 -17.937267
140.731903 35.306159 -20.055306
140.635068 35.255096 -19.309643
>
141.618432 34.424951 -8.517903
141.511089 34.533191 -8.394993
141.494720 34.423425 -7.967152
141.618432 34.424951 -8.517903
>
140.723256 35.922317 -26.490347
140.797165 36.033247 -27.953426
140.696126 36.014019 -28.636161
140.723256 35.922317 -26.490347
>
139.943687 35.711537 -25.813592
140.047771 35.815380 -27.453028
139.928609 35.855635 -28.506302
139.943687 35.711537 -25.813592
>
139.515812 35.203770 -8.196886
139.644135 35.136797 -8.432257
139.609919 35.240092 -12.255757
139.515812 35.203770 -8.196886
>
140.047771 35.815380 -27.453028
139.943687 35.711537 -25.813592
140.066049 35.696863 -25.730990
140.047771 35.815380 -27.453028
>
140.190968 34.911421 -10.454667
140.225461 35.021373 -13.183480
140.112242 35.036858 -12.611452
140.190968 34.911421 -10.454667
>
140.281430 36.197511 -47.300968
140.383187 36.279827 -48.602991
140.283600 36.317456 -52.770089
140.281430 36.197511 -47.300968
>
139.824529 35.657173 -25.323685
139.943687 35.711537 -25.813592
139.850907 35.751987 -26.048714
139.824529 35.657173 -25.323685
>
140.446275 36.010281 -33.262559
140.430998 36.148818 -41.212533
140.330202 36.057323 -38.323520
140.446275 36.010281 -33.262559
>
141.618432 34.424951 -8.517903
141.645383 34.288685 -8.227312
141.725448 34.365883 -8.904001
141.618432 34.424951 -8.517903
>
140.219770 36.432282 -60.488703
140.082782 36.379467 -60.960547
140.180191 36.285492 -53.379398
140.219770 36.432282 -60.488703
>
140.270455 35.514916 -24.255141
140.228146 35.411235 -22.669575
140.356777 35.460180 -23.438603
140.270455 35.514916 -24.255141
>
140.797165 36.033247 -27.953426
140.672205 36.124286 -33.381640
140.696126 36.014019 -28.636161
140.797165 36.033247 -27.953426
>
139.735104 35.736883 -25.693848
139.824529 35.657173 -25.323685
139.850907 35.751987 -26.048714
139.735104 35.736883 -25.693848
>
140.678863 35.734191 -25.228864
140.813981 35.711152 -24.929438
140.765167 35.820731 -25.494277
140.678863 35.734191 -25.228864
>
141.307848 35.458628 -19.717197
141.174672 35.481939 -21.221508
141.246291 35.359775 -18.638653
141.307848 35.458628 -19.717197
>
140.430998 36.148818 -41.212533
140.500917 36.269082 -44.888290
140.383187 36.279827 -48.602991
140.430998 36.148818 -41.212533
>
140.685530 36.593240 -49.554897
140.633475 36.681264 -55.035271
140.571910 36.585452 -54.099057
140.685530 36.593240 -49.554897
>
140.672205 36.124286 -33.381640
140.797165 36.033247 -27.953426
140.819818 36.145137 -30.669867
140.672205 36.124286 -33.381640
>
141.126114 34.898301 -10.316685
141.230347 34.767948 -8.789376
141.251910 34.891155 -10.133585
141.126114 34.898301 -10.316685
>
139.928609 35.855635 -28.506302
139.841630 35.841118 -27.670996
139.850907 35.751987 -26.048714
139.928609 35.855635 -28.506302
>
140.281430 36.197511 -47.300968
140.214475 36.091986 -42.565730
140.330202 36.057323 -38.323520
140.281430 36.197511 -47.300968
>
140.228146 35.411235 -22.669575
140.344502 35.335220 -21.211510
140.356777 35.460180 -23.438603
140.228146 35.411235 -22.669575
>
140.140151 35.303258 -20.123458
140.228146 35.411235 -22.669575
140.103416 35.408971 -22.441923
140.140151 35.303258 -20.123458
>
139.569043 35.347653 -16.495748
139.714193 35.270183 -15.443133
139.701234 35.398346 -19.577623
139.569043 35.347653 -16.495748
>
141.154551 34.441035 -6.730617
141.281159 34.402853 -7.139768
141.221725 34.541099 -7.380563
141.154551 34.441035 -6.730617
>
139.515812 35.203770 -8.196886
139.425947 35.284700 -10.103521
139.428910 35.134444 -3.552007
139.515812 35.203770 -8.196886
>
139.747683 36.045578 -40.484473
139.681410 36.187225 -49.379096
139.623450 36.065855 -41.330312
139.747683 36.045578 -40.484473
>
140.281430 36.197511 -47.300968
140.430998 36.148818 -41.212533
140.383187 36.279827 -48.602991
140.281430 36.197511 -47.300968
>
139.340305 35.485394 -18.375781
139.433811 35.415844 -17.280205
139.418838 35.523750 -20.005990
139.340305 35.485394 -18.375781
>
139.943687 35.711537 -25.813592
139.928609 35.855635 -28.506302
139.850907 35.751987 -26.048714
139.943687 35.711537 -25.813592
>
140.045178 34.930984 -9.232543
140.190968 34.911421 -10.454667
140.112242 35.036858 -12.611452
140.045178 34.930984 -9.232543
>
139.788341 36.166305 -48.406409
139.890875 36.207015 -51.513468
139.791763 36.242534 -54.694493
139.788341 36.166305 -48.406409
>
139.747683 36.045578 -40.484473
139.844268 36.026907 -39.422667
139.838076 36.105740 -44.834113
139.747683 36.045578 -40.484473
>
140.179263 35.123207 -15.328116
140.068635 35.173855 -15.961066
140.112242 35.036858 -12.611452
140.179263 35.123207 -15.328116
>
140.356777 35.460180 -23.438603
140.344502 35.335220 -21.211510
140.457203 35.416839 -22.613089
140.356777 35.460180 -23.438603
>
140.005027 34.705385 -3.849618
140.137933 34.682881 -4.702744
140.094766 34.812906 -7.025862
140.005027 34.705385 -3.849618
>
141.361531 34.828240 -9.639124
141.349372 34.960114 -11.071788
141.251910 34.891155 -10.133585
141.361531 34.828240 -9.639124
>
140.933889 35.023569 -13.763288
141.082729 35.046228 -13.348527
141.001278 35.139964 -15.856574
140.933889 35.023569 -13.763288
>
140.571910 36.585452 -54.099057
140.438951 36.593240 -60.155416
140.504039 36.531549 -54.967554
140.571910 36.585452 -54.099057
>
140.228146 35.411235 -22.669575
140.140151 35.303258 -20.123458
140.238684 35.312659 -20.623134
140.228146 35.411235 -22.669575
>
140.657525 34.883246 -11.928001
140.636686 34.756177 -9.386430
140.739017 34.771785 -9.541282
140.657525 34.883246 -11.928001
>
140.344502 35.335220 -21.211510
140.455603 35.318391 -20.813351
140.457203 35.416839 -22.613089
140.344502 35.335220 -21.211510
>
140.521655 34.907010 -12.374931
140.454908 35.021283 -14.321452
140.415379 34.906337 -12.010555
140.521655 34.907010 -12.374931
>
140.219770 36.432282 -60.488703
140.180191 36.285492 -53.379398
140.283600 36.317456 -52.770089
140.219770 36.432282 -60.488703
>
139.493201 35.032575 -2.381253
139.471530 34.871972 -1.557647
139.547097 34.943142 -1.614561
139.493201 35.032575 -2.381253
>
141.618432 34.424951 -8.517903
141.780163 34.485005 -9.575270
141.644651 34.547004 -9.037177
141.618432 34.424951 -8.517903
>
141.511089 34.533191 -8.394993
141.618432 34.424951 -8.517903
141.644651 34.547004 -9.037177
141.511089 34.533191 -8.394993
>
140.784162 36.371922 -39.485763
140.734846 36.482581 -44.552489
140.654845 36.411145 -44.768366
140.784162 36.371922 -39.485763
>
140.430998 36.148818 -41.212533
140.446275 36.010281 -33.262559
140.525543 36.075677 -35.002167
140.430998 36.148818 -41.212533
>
140.925413 34.879321 -10.756451
140.961295 34.740344 -8.455537
141.029536 34.852123 -9.830366
140.925413 34.879321 -10.756451
>
139.425947 35.284700 -10.103521
139.334057 35.213935 -4.358728
139.428910 35.134444 -3.552007
139.425947 35.284700 -10.103521
>
140.383187 36.279827 -48.602991
140.353423 36.392167 -54.457027
140.283600 36.317456 -52.770089
140.383187 36.279827 -48.602991
>
140.932109 36.135515 -29.391117
140.858136 36.253718 -34.267687
140.819818 36.145137 -30.669867
140.932109 36.135515 -29.391117
>
140.578151 35.507121 -23.644877
140.585703 35.642992 -24.931416
140.498205 35.598424 -24.776362
140.578151 35.507121 -23.644877
>
140.636686 34.756177 -9.386430
140.511402 34.718079 -8.245785
140.607758 34.664633 -7.326910
140.636686 34.756177 -9.386430
>
141.182602 35.684257 -23.418168
141.119978 35.797071 -24.618966
141.063294 35.660119 -23.801643
141.182602 35.684257 -23.418168
>
139.824529 35.657173 -25.323685
139.735104 35.736883 -25.693848
139.727248 35.654409 -25.117369
139.824529 35.657173 -25.323685
>
140.030563 35.936771 -33.000252
139.927313 35.980309 -35.830315
139.928609 35.855635 -28.506302
140.030563 35.936771 -33.000252
>
140.190968 34.911421 -10.454667
140.094766 34.812906 -7.025862
140.203189 34.778312 -7.427890
140.190968 34.911421 -10.454667
>
139.861027 35.248899 -16.452182
139.794577 35.156407 -12.208252
139.940546 35.142971 -13.769834
139.861027 35.248899 -16.452182
>
140.718205 35.502875 -23.199900
140.860282 35.500598 -22.726682
140.808361 35.604359 -24.096693
140.718205 35.502875 -23.199900
>
140.511402 34.718079 -8.245785
140.528142 34.607755 -5.768299
140.607758 34.664633 -7.326910
140.511402 34.718079 -8.245785
>
140.330202 36.057323 -38.323520
140.237493 35.981643 -35.013528
140.341247 35.927199 -30.316311
140.330202 36.057323 -38.323520
>
139.927313 35.980309 -35.830315
139.844268 36.026907 -39.422667
139.824436 35.928401 -31.359649
139.927313 35.980309 -35.830315
>
141.132071 35.183438 -15.845664
141.082729 35.046228 -13.348527
141.200938 35.104102 -13.771267
141.132071 35.183438 -15.845664
>
140.094766 34.812906 -7.025862
140.137933 34.682881 -4.702744
140.203189 34.778312 -7.427890
140.094766 34.812906 -7.025862
>
141.119978 35.797071 -24.618966
140.988849 35.779032 -24.991321
141.063294 35.660119 -23.801643
141.119978 35.797071 -24.618966
>
140.411994 35.211737 -18.462041
140.528604 35.139075 -16.933165
140.516788 35.256744 -19.486468
140.411994 35.211737 -18.462041
>
139.945794 36.326653 -60.125668
139.841683 36.314916 -60.685533
139.890875 36.207015 -51.513468
139.945794 36.326653 -60.125668
>
140.786870 34.860500 -11.069318
140.925413 34.879321 -10.756451
140.844588 34.951551 -12.655768
140.786870 34.860500 -11.069318
>
140.446275 36.010281 -33.262559
140.330202 36.057323 -38.323520
140.341247 35.927199 -30.316311
140.446275 36.010281 -33.262559
>
140.961295 34.740344 -8.455537
140.925413 34.879321 -10.756451
140.868492 34.793045 -9.479813
140.961295 34.740344 -8.455537
>
140.344502 35.335220 -21.211510
140.411994 35.211737 -18.462041
140.455603 35.318391 -20.813351
140.344502 35.335220 -21.211510
>
140.564082 36.475722 -50.339982
140.455864 36.456744 -53.773163
140.550385 36.371832 -47.095930
140.564082 36.475722 -50.339982
>
141.082729 35.046228 -13.348527
140.933889 35.023569 -13.763288
141.016821 34.944413 -11.586649
141.082729 35.046228 -13.348527
>
140.528604 35.139075 -16.933165
140.411994 35.211737 -18.462041
140.433212 35.117237 -16.292962
140.528604 35.139075 -16.933165
>
140.925413 34.879321 -10.756451
140.933889 35.023569 -13.763288
140.844588 34.951551 -12.655768
140.925413 34.879321 -10.756451
>
140.047771 35.815380 -27.453028
140.030563 35.936771 -33.000252
139.928609 35.855635 -28.506302
140.047771 35.815380 -27.453028
>
140.121790 36.014198 -38.230944
140.214475 36.091986 -42.565730
140.090312 36.119690 -45.563972
140.121790 36.014198 -38.230944
>
141.780163 34.485005 -9.575270
141.618432 34.424951 -8.517903
141.725448 34.365883 -8.904001
141.780163 34.485005 -9.575270
>
141.764192 34.250693 -8.799550
141.831581 34.348852 -9.424903
141.725448 34.365883 -8.904001
141.764192 34.250693 -8.799550
>
140.652540 34.577636 -5.826335
140.776938 34.547518 -5.907277
140.704278 34.670130 -7.624536
140.652540 34.577636 -5.826335
>
141.174672 35.481939 -21.221508
141.138407 35.380687 -19.759097
141.246291 35.359775 -18.638653
141.174672 35.481939 -21.221508
>
139.487782 36.058806 -39.640095
139.572652 35.966557 -31.245284
139.623450 36.065855 -41.330312
139.487782 36.058806 -39.640095
>
140.066049 35.696863 -25.730990
140.169885 35.655664 -25.427659
140.175234 35.785717 -26.654984
140.066049 35.696863 -25.730990
>
141.645383 34.288685 -8.227312
141.764192 34.250693 -8.799550
141.725448 34.365883 -8.904001
141.645383 34.288685 -8.227312
>
140.270838 34.660377 -5.284486
140.403744 34.637873 -5.689526
140.390807 34.731948 -7.920362
140.270838 34.660377 -5.284486
>
140.411994 35.211737 -18.462041
140.336194 35.096192 -15.489022
140.433212 35.117237 -16.292962
140.411994 35.211737 -18.462041
>
140.925413 34.879321 -10.756451
140.786870 34.860500 -11.069318
140.868492 34.793045 -9.479813
140.925413 34.879321 -10.756451
>
140.454908 35.021283 -14.321452
140.521655 34.907010 -12.374931
140.580449 34.999406 -14.149400
140.454908 35.021283 -14.321452
>
141.126114 34.898301 -10.316685
141.082729 35.046228 -13.348527
141.016821 34.944413 -11.586649
141.126114 34.898301 -10.316685
>
139.633072 35.488387 -21.293202
139.569043 35.347653 -16.495748
139.701234 35.398346 -19.577623
139.633072 35.488387 -21.293202
>
140.454908 35.021283 -14.321452
140.528604 35.139075 -16.933165
140.433212 35.117237 -16.292962
140.454908 35.021283 -14.321452
>
141.831581 34.348852 -9.424903
141.780163 34.485005 -9.575270
141.725448 34.365883 -8.904001
141.831581 34.348852 -9.424903
>
140.325039 34.963917 -12.638210
140.336194 35.096192 -15.489022
140.225461 35.021373 -13.183480
140.325039 34.963917 -12.638210
>
140.933889 35.023569 -13.763288
140.925413 34.879321 -10.756451
141.016821 34.944413 -11.586649
140.933889 35.023569 -13.763288
>
141.587176 34.645786 -9.170795
141.505321 34.762391 -9.515483
141.463025 34.642556 -8.656455
141.587176 34.645786 -9.170795
>
140.336194 35.096192 -15.489022
140.454908 35.021283 -14.321452
140.433212 35.117237 -16.292962
140.336194 35.096192 -15.489022
>
140.672205 36.124286 -33.381640
140.590346 35.974893 -28.842704
140.696126 36.014019 -28.636161
140.672205 36.124286 -33.381640
>
139.561187 36.143328 -45.456052
139.487782 36.058806 -39.640095
139.623450 36.065855 -41.330312
139.561187 36.143328 -45.456052
>
141.001278 35.139964 -15.856574
141.132071 35.183438 -15.845664
141.045041 35.224687 -17.292074
141.001278 35.139964 -15.856574
>
140.169885 35.655664 -25.427659
140.066049 35.696863 -25.730990
140.087848 35.595471 -25.093351
140.169885 35.655664 -25.427659
>
140.924427 35.648984 -24.182291
140.813981 35.711152 -24.929438
140.808361 35.604359 -24.096693
140.924427 35.648984 -24.182291
>
139.735104 35.736883 -25.693848
139.850907 35.751987 -26.048714
139.757812 35.833880 -27.063987
139.735104 35.736883 -25.693848
>
140.511402 34.718079 -8.245785
140.636686 34.756177 -9.386430
140.558820 34.812668 -10.581977
140.511402 34.718079 -8.245785
>
140.657525 34.883246 -11.928001
140.786870 34.860500 -11.069318
140.754055 34.950987 -13.009481
140.657525 34.883246 -11.928001
>
141.170842 35.278145 -17.510652
141.038699 35.333812 -19.430571
141.045041 35.224687 -17.292074
141.170842 35.278145 -17.510652
>
139.890875 36.207015 -51.513468
139.920587 36.084799 -43.739567
140.000118 36.157057 -48.031757
139.890875 36.207015 -51.513468
>
141.511089 34.533191 -8.394993
141.587176 34.645786 -9.170795
141.463025 34.642556 -8.656455
141.511089 34.533191 -8.394993
>
140.000640 36.258114 -54.469138
139.890875 36.207015 -51.513468
140.000118 36.157057 -48.031757
140.000640 36.258114 -54.469138
>
140.094766 34.812906 -7.025862
140.190968 34.911421 -10.454667
140.045178 34.930984 -9.232543
140.094766 34.812906 -7.025862
>
140.446275 36.010281 -33.262559
140.590346 35.974893 -28.842704
140.525543 36.075677 -35.002167
140.446275 36.010281 -33.262559
>
140.697865 35.617011 -24.505505
140.718205 35.502875 -23.199900
140.808361 35.604359 -24.096693
140.697865 35.617011 -24.505505
>
139.794577 35.156407 -12.208252
139.864158 35.052639 -9.873194
139.940546 35.142971 -13.769834
139.794577 35.156407 -12.208252
>
140.137933 34.682881 -4.702744
140.270838 34.660377 -5.284486
140.203189 34.778312 -7.427890
140.137933 34.682881 -4.702744
>
141.307848 35.458628 -19.717197
141.245225 35.571442 -21.816559
141.174672 35.481939 -21.221508
141.307848 35.458628 -19.717197
>
139.650027 34.983321 -3.688751
139.789283 34.963119 -5.999168
139.748436 35.058457 -7.890373
139.650027 34.983321 -3.688751
>
139.960982 34.829842 -5.692143
140.094766 34.812906 -7.025862
140.045178 34.930984 -9.232543
139.960982 34.829842 -5.692143
>
139.771328 35.528363 -23.376094
139.914818 35.480996 -23.222597
139.896156 35.588849 -24.838443
139.771328 35.528363 -23.376094
>
139.644135 35.136797 -8.432257
139.650027 34.983321 -3.688751
139.748436 35.058457 -7.890373
139.644135 35.136797 -8.432257
>
139.499212 36.291443 -61.168952
139.364963 36.291443 -61.537110
139.469570 36.187808 -47.676042
139.499212 36.291443 -61.168952
>
139.364963 36.291443 -61.537110
139.364963 36.147251 -44.711300
139.469570 36.187808 -47.676042
139.364963 36.291443 -61.537110
>
141.728744 34.621158 -9.737447
141.677325 34.757310 -10.350894
141.587176 34.645786 -9.170795
141.728744 34.621158 -9.737447
>
140.175234 35.785717 -26.654984
140.169885 35.655664 -25.427659
140.263986 35.716289 -25.665233
140.175234 35.785717 -26.654984
>
140.757259 35.195906 -17.937267
140.841310 35.289326 -19.436626
140.731903 35.306159 -20.055306
140.757259 35.195906 -17.937267
>
141.494720 34.423425 -7.967152
141.511089 34.533191 -8.394993
141.408411 34.459704 -7.770400
141.494720 34.423425 -7.967152
>
141.278840 35.214369 -15.371331
141.370471 35.345813 -17.588333
141.246291 35.359775 -18.638653
141.278840 35.214369 -15.371331
>
139.336029 35.066968 -1.135301
139.493201 35.032575 -2.381253
139.428910 35.134444 -3.552007
139.336029 35.066968 -1.135301
>
140.142481 35.905758 -30.863830
140.047771 35.815380 -27.453028
140.175234 35.785717 -26.654984
140.142481 35.905758 -30.863830
>
140.638684 36.280422 -40.844144
140.654845 36.411145 -44.768366
140.550385 36.371832 -47.095930
140.638684 36.280422 -40.844144
>
139.364963 36.147251 -44.711300
139.364963 36.003060 -31.751009
139.487782 36.058806 -39.640095
139.364963 36.147251 -44.711300
>
139.738592 34.775917 -1.997867
139.872122 34.727889 -2.907086
139.833736 34.855217 -4.468546
139.738592 34.775917 -1.997867
>
139.771328 35.528363 -23.376094
139.633072 35.488387 -21.293202
139.701234 35.398346 -19.577623
139.771328 35.528363 -23.376094
>
141.349372 34.960114 -11.071788
141.211898 34.997816 -11.785052
141.251910 34.891155 -10.133585
141.349372 34.960114 -11.071788
>
140.891300 35.953028 -26.237803
140.797165 36.033247 -27.953426
140.815594 35.898670 -25.911885
140.891300 35.953028 -26.237803
>
140.228146 35.411235 -22.669575
140.166962 35.528275 -24.441934
140.103416 35.408971 -22.441923
140.228146 35.411235 -22.669575
>
139.650027 34.983321 -3.688751
139.605061 34.823945 -1.197724
139.724098 34.881861 -3.242399
139.650027 34.983321 -3.688751
>
140.214475 36.091986 -42.565730
140.169099 36.181269 -48.133568
140.090312 36.119690 -45.563972
140.214475 36.091986 -42.565730
>
141.780163 34.485005 -9.575270
141.728744 34.621158 -9.737447
141.644651 34.547004 -9.037177
141.780163 34.485005 -9.575270
>
140.142481 35.905758 -30.863830
140.175234 35.785717 -26.654984
140.240706 35.890810 -29.528051
140.142481 35.905758 -30.863830
>
140.142481 35.905758 -30.863830
140.121790 36.014198 -38.230944
140.030563 35.936771 -33.000252
140.142481 35.905758 -30.863830
>
141.082604 35.545661 -22.488141
140.970545 35.536043 -22.805276
141.061636 35.449751 -21.278250
141.082604 35.545661 -22.488141
>
139.433811 35.415844 -17.280205
139.516650 35.492662 -20.202530
139.418838 35.523750 -20.005990
139.433811 35.415844 -17.280205
>
140.970545 35.536043 -22.805276
140.964753 35.421401 -21.226229
141.061636 35.449751 -21.278250
140.970545 35.536043 -22.805276
>
141.132071 35.183438 -15.845664
141.278840 35.214369 -15.371331
141.170842 35.278145 -17.510652
141.132071 35.183438 -15.845664
>
140.047771 35.815380 -27.453028
140.142481 35.905758 -30.863830
140.030563 35.936771 -33.000252
140.047771 35.815380 -27.453028
>
141.138407 35.380687 -19.759097
141.038699 35.333812 -19.430571
141.170842 35.278145 -17.510652
141.138407 35.380687 -19.759097
>
141.021090 34.617061 -7.215207
140.961295 34.740344 -8.455537
140.895671 34.625754 -7.108814
141.021090 34.617061 -7.215207
>
139.633460 36.291443 -60.490124
139.499212 36.291443 -61.168952
139.566336 36.228382 -52.750598
139.633460 36.291443 -60.490124
>
139.714193 35.270183 -15.443133
139.819418 35.363083 -19.711682
139.701234 35.398346 -19.577623
139.714193 35.270183 -15.443133
>
139.714193 35.270183 -15.443133
139.569043 35.347653 -16.495748
139.609919 35.240092 -12.255757
139.714193 35.270183 -15.443133
>
141.281159 34.402853 -7.139768
141.407766 34.364671 -7.480160
141.408411 34.459704 -7.770400
141.281159 34.402853 -7.139768
>
140.270455 35.514916 -24.255141
140.356777 35.460180 -23.438603
140.377250 35.580125 -24.813467
140.270455 35.514916 -24.255141
>
140.813981 35.711152 -24.929438
140.877104 35.827662 -25.400138
140.765167 35.820731 -25.494277
140.813981 35.711152 -24.929438
>
140.179263 35.123207 -15.328116
140.263109 35.215498 -18.229354
140.172036 35.207792 -17.632604
140.179263 35.123207 -15.328116
>
140.180191 36.285492 -53.379398
140.281430 36.197511 -47.300968
140.283600 36.317456 -52.770089
140.180191 36.285492 -53.379398
>
140.356777 35.460180 -23.438603
140.455390 35.520607 -24.088188
140.377250 35.580125 -24.813467
140.356777 35.460180 -23.438603
>
141.349372 34.960114 -11.071788
141.469449 34.885817 -10.474314
141.456589 34.986014 -11.524383
141.349372 34.960114 -11.071788
>
141.082729 35.046228 -13.348527
141.211898 34.997816 -11.785052
141.200938 35.104102 -13.771267
141.082729 35.046228 -13.348527
>
140.403744 34.637873 -5.689526
140.511402 34.718079 -8.245785
140.390807 34.731948 -7.920362
140.403744 34.637873 -5.689526
>
141.057355 35.909886 -25.903611
140.994732 36.022700 -27.314375
140.963747 35.889314 -25.648493
141.057355 35.909886 -25.903611
>
141.469449 34.885817 -10.474314
141.349372 34.960114 -11.071788
141.361531 34.828240 -9.639124
141.469449 34.885817 -10.474314
>
140.214475 36.091986 -42.565730
140.237493 35.981643 -35.013528
140.330202 36.057323 -38.323520
140.214475 36.091986 -42.565730
>
139.479297 35.915334 -27.618776
139.364963 35.858868 -25.699087
139.465258 35.806113 -25.474305
139.479297 35.915334 -27.618776
>
139.844268 36.026907 -39.422667
139.920587 36.084799 -43.739567
139.838076 36.105740 -44.834113
139.844268 36.026907 -39.422667
>
140.263109 35.215498 -18.229354
140.344502 35.335220 -21.211510
140.238684 35.312659 -20.623134
140.263109 35.215498 -18.229354
>
140.788185 35.055208 -15.061906
140.933889 35.023569 -13.763288
140.880116 35.150823 -16.692713
140.788185 35.055208 -15.061906
>
140.757259 35.195906 -17.937267
140.788185 35.055208 -15.061906
140.880116 35.150823 -16.692713
140.757259 35.195906 -17.937267
>
140.175234 35.785717 -26.654984
140.295763 35.819259 -26.899866
140.240706 35.890810 -29.528051
140.175234 35.785717 -26.654984
>
139.332086 35.360903 -12.590385
139.334057 35.213935 -4.358728
139.425947 35.284700 -10.103521
139.332086 35.360903 -12.590385
>
140.665566 35.390559 -21.691693
140.635068 35.255096 -19.309643
140.731903 35.306159 -20.055306
140.665566 35.390559 -21.691693
>
140.685530 36.593240 -49.554897
140.571910 36.585452 -54.099057
140.646560 36.509554 -48.216420
140.685530 36.593240 -49.554897
>
139.850907 35.751987 -26.048714
139.841630 35.841118 -27.670996
139.757812 35.833880 -27.063987
139.850907 35.751987 -26.048714
>
140.988849 35.779032 -24.991321
140.924427 35.648984 -24.182291
141.063294 35.660119 -23.801643
140.988849 35.779032 -24.991321
>
140.678863 35.734191 -25.228864
140.765167 35.820731 -25.494277
140.646907 35.851510 -25.954595
140.678863 35.734191 -25.228864
>
140.657525 34.883246 -11.928001
140.682648 35.007433 -14.290557
140.580449 34.999406 -14.149400
140.657525 34.883246 -11.928001
>
141.407766 34.364671 -7.480160
141.526575 34.326678 -7.744691
141.494720 34.423425 -7.967152
141.407766 34.364671 -7.480160
>
140.521655 34.907010 -12.374931
140.657525 34.883246 -11.928001
140.580449 34.999406 -14.149400
140.521655 34.907010 -12.374931
>
140.961295 34.740344 -8.455537
141.088373 34.762924 -8.601471
141.029536 34.852123 -9.830366
140.961295 34.740344 -8.455537
>
140.455093 35.685946 -25.283413
140.585703 35.642992 -24.931416
140.563554 35.761747 -25.478726
140.455093 35.685946 -25.283413
>
139.681410 36.187225 -49.379096
139.633460 36.291443 -60.490124
139.566336 36.228382 -52.750598
139.681410 36.187225 -49.379096
>
139.890875 36.207015 -51.513468
139.841683 36.314916 -60.685533
139.791763 36.242534 -54.694493
139.890875 36.207015 -51.513468
>
140.813981 35.711152 -24.929438
140.697865 35.617011 -24.505505
140.808361 35.604359 -24.096693
140.813981 35.711152 -24.929438
>
139.364963 36.147251 -44.711300
139.487782 36.058806 -39.640095
139.469570 36.187808 -47.676042
139.364963 36.147251 -44.711300
>
140.994732 36.022700 -27.314375
140.891300 35.953028 -26.237803
140.963747 35.889314 -25.648493
140.994732 36.022700 -27.314375
>
141.211898 34.997816 -11.785052
141.126114 34.898301 -10.316685
141.251910 34.891155 -10.133585
141.211898 34.997816 -11.785052
>
141.554583 34.992711 -11.981796
141.493213 35.110412 -13.174222
141.456589 34.986014 -11.524383
141.554583 34.992711 -11.981796
>
140.190968 34.911421 -10.454667
140.325039 34.963917 -12.638210
140.225461 35.021373 -13.183480
140.190968 34.911421 -10.454667
>
139.605061 34.823945 -1.197724
139.738592 34.775917 -1.997867
139.724098 34.881861 -3.242399
139.605061 34.823945 -1.197724
>
140.813981 35.711152 -24.929438
140.924427 35.648984 -24.182291
140.901090 35.741707 -24.947167
140.813981 35.711152 -24.929438
>
140.550385 36.371832 -47.095930
140.455864 36.456744 -53.773163
140.448755 36.353930 -49.719135
140.550385 36.371832 -47.095930
>
140.877104 35.827662 -25.400138
140.813981 35.711152 -24.929438
140.901090 35.741707 -24.947167
140.877104 35.827662 -25.400138
>
139.364963 35.858868 -25.699087
139.356744 35.734377 -24.742031
139.465258 35.806113 -25.474305
139.364963 35.858868 -25.699087
>
139.605061 34.823945 -1.197724
139.650027 34.983321 -3.688751
139.547097 34.943142 -1.614561
139.605061 34.823945 -1.197724
>
141.221725 34.541099 -7.380563
141.356528 34.563490 -7.936354
141.265556 34.644619 -8.009127
141.221725 34.541099 -7.380563
>
140.765167 35.820731 -25.494277
140.723256 35.922317 -26.490347
140.646907 35.851510 -25.954595
140.765167 35.820731 -25.494277
>
140.383187 36.279827 -48.602991
140.500917 36.269082 -44.888290
140.448755 36.353930 -49.719135
140.383187 36.279827 -48.602991
>
139.789283 34.963119 -5.999168
139.650027 34.983321 -3.688751
139.724098 34.881861 -3.242399
139.789283 34.963119 -5.999168
>
140.767811 35.399132 -21.532584
140.841310 35.289326 -19.436626
140.869768 35.390909 -21.075151
140.767811 35.399132 -21.532584
>
140.682648 35.007433 -14.290557
140.657525 34.883246 -11.928001
140.754055 34.950987 -13.009481
140.682648 35.007433 -14.290557
>
140.734846 36.482581 -44.552489
140.685530 36.593240 -49.554897
140.646560 36.509554 -48.216420
140.734846 36.482581 -44.552489
>
140.270455 35.514916 -24.255141
140.377250 35.580125 -24.813467
140.264767 35.610868 -25.130552
140.270455 35.514916 -24.255141
>
140.377250 35.580125 -24.813467
140.340063 35.669936 -25.332365
140.264767 35.610868 -25.130552
140.377250 35.580125 -24.813467
>
140.877104 35.827662 -25.400138
140.988849 35.779032 -24.991321
140.963747 35.889314 -25.648493
140.877104 35.827662 -25.400138
>
141.469449 34.885817 -10.474314
141.554583 34.992711 -11.981796
141.456589 34.986014 -11.524383
141.469449 34.885817 -10.474314
>
140.767811 35.399132 -21.532584
140.665566 35.390559 -21.691693
140.731903 35.306159 -20.055306
140.767811 35.399132 -21.532584
>
139.681410 36.187225 -49.379096
139.561187 36.143328 -45.456052
139.623450 36.065855 -41.330312
139.681410 36.187225 -49.379096
>
140.964753 35.421401 -21.226229
141.038699 35.333812 -19.430571
141.061636 35.449751 -21.278250
140.964753 35.421401 -21.226229
>
140.880116 35.150823 -16.692713
140.933889 35.023569 -13.763288
141.001278 35.139964 -15.856574
140.880116 35.150823 -16.692713
>
140.578151 35.507121 -23.644877
140.665566 35.390559 -21.691693
140.718205 35.502875 -23.199900
140.578151 35.507121 -23.644877
>
140.015417 36.049343 -41.261165
139.927313 35.980309 -35.830315
140.030563 35.936771 -33.000252
140.015417 36.049343 -41.261165
>
141.038699 35.333812 -19.430571
141.138407 35.380687 -19.759097
141.061636 35.449751 -21.278250
141.038699 35.333812 -19.430571
>
139.864158 35.052639 -9.873194
139.794577 35.156407 -12.208252
139.748436 35.058457 -7.890373
139.864158 35.052639 -9.873194
>
140.665566 35.390559 -21.691693
140.767811 35.399132 -21.532584
140.718205 35.502875 -23.199900
140.665566 35.390559 -21.691693
>
141.493213 35.110412 -13.174222
141.395073 35.053091 -12.303009
141.456589 34.986014 -11.524383
141.493213 35.110412 -13.174222
>
140.068635 35.173855 -15.961066
139.967590 35.238432 -17.145212
139.940546 35.142971 -13.769834
140.068635 35.173855 -15.961066
>
140.325039 34.963917 -12.638210
140.321440 34.823973 -9.664093
140.415379 34.906337 -12.010555
140.325039 34.963917 -12.638210
>
141.370471 35.345813 -17.588333
141.307848 35.458628 -19.717197
141.246291 35.359775 -18.638653
141.370471 35.345813 -17.588333
>
140.121790 36.014198 -38.230944
140.015417 36.049343 -41.261165
140.030563 35.936771 -33.000252
140.121790 36.014198 -38.230944
>
139.789283 34.963119 -5.999168
139.864158 35.052639 -9.873194
139.748436 35.058457 -7.890373
139.789283 34.963119 -5.999168
>
139.433811 35.415844 -17.280205
139.332086 35.360903 -12.590385
139.425947 35.284700 -10.103521
139.433811 35.415844 -17.280205
>
140.281430 36.197511 -47.300968
140.180191 36.285492 -53.379398
140.169099 36.181269 -48.133568
140.281430 36.197511 -47.300968
>
139.487782 36.058806 -39.640095
139.561187 36.143328 -45.456052
139.469570 36.187808 -47.676042
139.487782 36.058806 -39.640095
>
140.858136 36.253718 -34.267687
140.784162 36.371922 -39.485763
140.754601 36.235097 -35.565036
140.858136 36.253718 -34.267687
>
140.455864 36.456744 -53.773163
140.564082 36.475722 -50.339982
140.504039 36.531549 -54.967554
140.455864 36.456744 -53.773163
>
140.214475 36.091986 -42.565730
140.281430 36.197511 -47.300968
140.169099 36.181269 -48.133568
140.214475 36.091986 -42.565730
>
141.132071 35.183438 -15.845664
141.170842 35.278145 -17.510652
141.045041 35.224687 -17.292074
141.132071 35.183438 -15.845664
>
139.992129 35.595753 -25.050657
139.914818 35.480996 -23.222597
140.044214 35.500803 -23.954528
139.992129 35.595753 -25.050657
>
141.211898 34.997816 -11.785052
141.299153 35.078661 -12.833674
141.200938 35.104102 -13.771267
141.211898 34.997816 -11.785052
>
140.841310 35.289326 -19.436626
140.956089 35.245769 -18.191727
140.934124 35.336243 -19.933436
140.841310 35.289326 -19.436626
>
140.933889 35.023569 -13.763288
140.788185 35.055208 -15.061906
140.844588 34.951551 -12.655768
140.933889 35.023569 -13.763288
>
140.377250 35.580125 -24.813467
140.455390 35.520607 -24.088188
140.498205 35.598424 -24.776362
140.377250 35.580125 -24.813467
>
141.156626 34.648421 -7.730606
141.021090 34.617061 -7.215207
141.116387 34.545367 -7.022044
141.156626 34.648421 -7.730606
>
140.841310 35.289326 -19.436626
140.767811 35.399132 -21.532584
140.731903 35.306159 -20.055306
140.841310 35.289326 -19.436626
>
140.344502 35.335220 -21.211510
140.228146 35.411235 -22.669575
140.238684 35.312659 -20.623134
140.344502 35.335220 -21.211510
>
139.334057 35.213935 -4.358728
139.336029 35.066968 -1.135301
139.428910 35.134444 -3.552007
139.334057 35.213935 -4.358728
>
141.021090 34.617061 -7.215207
141.027943 34.479218 -6.306600
141.116387 34.545367 -7.022044
141.021090 34.617061 -7.215207
>
140.237493 35.981643 -35.013528
140.142481 35.905758 -30.863830
140.240706 35.890810 -29.528051
140.237493 35.981643 -35.013528
>
139.471530 34.871972 -1.557647
139.605061 34.823945 -1.197724
139.547097 34.943142 -1.614561
139.471530 34.871972 -1.557647
>
140.564082 36.475722 -50.339982
140.654845 36.411145 -44.768366
140.646560 36.509554 -48.216420
140.564082 36.475722 -50.339982
>
140.180191 36.285492 -53.379398
140.087190 36.230181 -51.632330
140.169099 36.181269 -48.133568
140.180191 36.285492 -53.379398
>
140.654845 36.411145 -44.768366
140.734846 36.482581 -44.552489
140.646560 36.509554 -48.216420
140.654845 36.411145 -44.768366
>
140.868492 34.793045 -9.479813
140.786870 34.860500 -11.069318
140.739017 34.771785 -9.541282
140.868492 34.793045 -9.479813
>
139.914818 35.480996 -23.222597
140.005744 35.403847 -22.011871
140.044214 35.500803 -23.954528
139.914818 35.480996 -23.222597
>
140.571910 36.585452 -54.099057
140.564082 36.475722 -50.339982
140.646560 36.509554 -48.216420
140.571910 36.585452 -54.099057
>
140.812727 34.703031 -8.166772
140.868492 34.793045 -9.479813
140.739017 34.771785 -9.541282
140.812727 34.703031 -8.166772
>
141.395073 35.053091 -12.303009
141.349372 34.960114 -11.071788
141.456589 34.986014 -11.524383
141.395073 35.053091 -12.303009
>
141.587176 34.645786 -9.170795
141.511089 34.533191 -8.394993
141.644651 34.547004 -9.037177
141.587176 34.645786 -9.170795
>
139.833736 34.855217 -4.468546
139.960982 34.829842 -5.692143
139.915064 34.946668 -7.756809
139.833736 34.855217 -4.468546
>
141.027943 34.479218 -6.306600
141.154551 34.441035 -6.730617
141.116387 34.545367 -7.022044
141.027943 34.479218 -6.306600
>
139.967590 35.238432 -17.145212
139.861027 35.248899 -16.452182
139.940546 35.142971 -13.769834
139.967590 35.238432 -17.145212
>
140.553669 36.179657 -39.215090
140.430998 36.148818 -41.212533
140.525543 36.075677 -35.002167
140.553669 36.179657 -39.215090
>
140.636686 34.756177 -9.386430
140.657525 34.883246 -11.928001
140.558820 34.812668 -10.581977
140.636686 34.756177 -9.386430
>
140.657525 34.883246 -11.928001
140.521655 34.907010 -12.374931
140.558820 34.812668 -10.581977
140.657525 34.883246 -11.928001
>
140.047771 35.815380 -27.453028
140.066049 35.696863 -25.730990
140.175234 35.785717 -26.654984
140.047771 35.815380 -27.453028
>
140.956089 35.245769 -18.191727
140.880116 35.150823 -16.692713
141.001278 35.139964 -15.856574
140.956089 35.245769 -18.191727
>
140.788185 35.055208 -15.061906
140.682648 35.007433 -14.290557
140.754055 34.950987 -13.009481
140.788185 35.055208 -15.061906
>
139.633899 35.688267 -25.182622
139.515898 35.703874 -24.988470
139.555236 35.602487 -23.374745
139.633899 35.688267 -25.182622
>
139.789283 34.963119 -5.999168
139.833736 34.855217 -4.468546
139.915064 34.946668 -7.756809
139.789283 34.963119 -5.999168
>
139.561187 36.143328 -45.456052
139.681410 36.187225 -49.379096
139.566336 36.228382 -52.750598
139.561187 36.143328 -45.456052
>
139.654147 35.595665 -23.949218
139.633899 35.688267 -25.182622
139.555236 35.602487 -23.374745
139.654147 35.595665 -23.949218
>
141.221725 34.541099 -7.380563
141.156626 34.648421 -7.730606
141.116387 34.545367 -7.022044
141.221725 34.541099 -7.380563
>
140.585703 35.642992 -24.931416
140.455093 35.685946 -25.283413
140.498205 35.598424 -24.776362
140.585703 35.642992 -24.931416
>
140.341247 35.927199 -30.316311
140.237493 35.981643 -35.013528
140.240706 35.890810 -29.528051
140.341247 35.927199 -30.316311
>
140.563554 35.761747 -25.478726
140.678863 35.734191 -25.228864
140.646907 35.851510 -25.954595
140.563554 35.761747 -25.478726
>
139.945794 36.326653 -60.125668
139.890875 36.207015 -51.513468
140.000640 36.258114 -54.469138
139.945794 36.326653 -60.125668
>
141.154551 34.441035 -6.730617
141.221725 34.541099 -7.380563
141.116387 34.545367 -7.022044
141.154551 34.441035 -6.730617
>
140.551493 35.856709 -26.391481
140.563554 35.761747 -25.478726
140.646907 35.851510 -25.954595
140.551493 35.856709 -26.391481
>
139.348524 35.609885 -21.593865
139.340305 35.485394 -18.375781
139.418838 35.523750 -20.005990
139.348524 35.609885 -21.593865
>
140.225461 35.021373 -13.183480
140.179263 35.123207 -15.328116
140.112242 35.036858 -12.611452
140.225461 35.021373 -13.183480
>
139.997044 35.048209 -11.659049
139.864158 35.052639 -9.873194
139.915064 34.946668 -7.756809
139.997044 35.048209 -11.659049
>
140.103416 35.408971 -22.441923
140.166962 35.528275 -24.441934
140.044214 35.500803 -23.954528
140.103416 35.408971 -22.441923
>
141.493213 35.110412 -13.174222
141.431842 35.228112 -15.290109
141.379507 35.136589 -13.529583
141.493213 35.110412 -13.174222
>
140.654845 36.411145 -44.768366
140.564082 36.475722 -50.339982
140.550385 36.371832 -47.095930
140.654845 36.411145 -44.768366
>
140.353423 36.392167 -54.457027
140.383187 36.279827 -48.602991
140.448755 36.353930 -49.719135
140.353423 36.392167 -54.457027
>
141.156626 34.648421 -7.730606
141.221725 34.541099 -7.380563
141.265556 34.644619 -8.009127
141.156626 34.648421 -7.730606
>
140.068635 35.173855 -15.961066
140.140151 35.303258 -20.123458
140.035280 35.306411 -19.707320
140.068635 35.173855 -15.961066
>
140.263986 35.716289 -25.665233
140.340063 35.669936 -25.332365
140.367386 35.755166 -25.769683
140.263986 35.716289 -25.665233
>
140.528142 34.607755 -5.768299
140.652540 34.577636 -5.826335
140.607758 34.664633 -7.326910
140.528142 34.607755 -5.768299
>
140.005744 35.403847 -22.011871
140.103416 35.408971 -22.441923
140.044214 35.500803 -23.954528
140.005744 35.403847 -22.011871
>
140.994732 36.022700 -27.314375
140.932109 36.135515 -29.391117
140.899457 36.046574 -27.469383
140.994732 36.022700 -27.314375
>
139.967590 35.238432 -17.145212
140.068635 35.173855 -15.961066
140.035280 35.306411 -19.707320
139.967590 35.238432 -17.145212
>
141.088373 34.762924 -8.601471
141.126114 34.898301 -10.316685
141.029536 34.852123 -9.830366
141.088373 34.762924 -8.601471
>
141.245225 35.571442 -21.816559
141.182602 35.684257 -23.418168
141.156621 35.596046 -22.743387
141.245225 35.571442 -21.816559
>
139.914818 35.480996 -23.222597
139.992129 35.595753 -25.050657
139.896156 35.588849 -24.838443
139.914818 35.480996 -23.222597
>
139.841683 36.314916 -60.685533
139.737571 36.303180 -60.861679
139.791763 36.242534 -54.694493
139.841683 36.314916 -60.685533
>
140.516788 35.256744 -19.486468
140.552672 35.359422 -21.437032
140.455603 35.318391 -20.813351
140.516788 35.256744 -19.486468
>
139.833736 34.855217 -4.468546
139.789283 34.963119 -5.999168
139.724098 34.881861 -3.242399
139.833736 34.855217 -4.468546
>
140.411994 35.211737 -18.462041
140.516788 35.256744 -19.486468
140.455603 35.318391 -20.813351
140.411994 35.211737 -18.462041
>
140.295763 35.819259 -26.899866
140.175234 35.785717 -26.654984
140.263986 35.716289 -25.665233
140.295763 35.819259 -26.899866
>
141.038699 35.333812 -19.430571
140.964753 35.421401 -21.226229
140.934124 35.336243 -19.933436
141.038699 35.333812 -19.430571
>
140.877104 35.827662 -25.400138
140.891300 35.953028 -26.237803
140.815594 35.898670 -25.911885
140.877104 35.827662 -25.400138
>
140.956089 35.245769 -18.191727
141.038699 35.333812 -19.430571
140.934124 35.336243 -19.933436
140.956089 35.245769 -18.191727
>
141.174672 35.481939 -21.221508
141.082604 35.545661 -22.488141
141.061636 35.449751 -21.278250
141.174672 35.481939 -21.221508
>
140.924427 35.648984 -24.182291
140.988849 35.779032 -24.991321
140.901090 35.741707 -24.947167
140.924427 35.648984 -24.182291
>
141.138407 35.380687 -19.759097
141.174672 35.481939 -21.221508
141.061636 35.449751 -21.278250
141.138407 35.380687 -19.759097
>
140.558820 34.812668 -10.581977
140.521655 34.907010 -12.374931
140.453856 34.815499 -10.347031
140.558820 34.812668 -10.581977
>
140.238684 35.312659 -20.623134
140.140151 35.303258 -20.123458
140.172036 35.207792 -17.632604
140.238684 35.312659 -20.623134
>
140.988849 35.779032 -24.991321
140.877104 35.827662 -25.400138
140.901090 35.741707 -24.947167
140.988849 35.779032 -24.991321
>
139.738592 34.775917 -1.997867
139.833736 34.855217 -4.468546
139.724098 34.881861 -3.242399
139.738592 34.775917 -1.997867
>
141.063294 35.660119 -23.801643
141.082604 35.545661 -22.488141
141.156621 35.596046 -22.743387
141.063294 35.660119 -23.801643
>
141.246291 35.359775 -18.638653
141.138407 35.380687 -19.759097
141.170842 35.278145 -17.510652
141.246291 35.359775 -18.638653
>
140.564082 36.475722 -50.339982
140.571910 36.585452 -54.099057
140.504039 36.531549 -54.967554
140.564082 36.475722 -50.339982
>
140.015417 36.049343 -41.261165
140.121790 36.014198 -38.230944
140.090312 36.119690 -45.563972
140.015417 36.049343 -41.261165
>
141.728744 34.621158 -9.737447
141.587176 34.645786 -9.170795
141.644651 34.547004 -9.037177
141.728744 34.621158 -9.737447
>
141.182602 35.684257 -23.418168
141.063294 35.660119 -23.801643
141.156621 35.596046 -22.743387
141.182602 35.684257 -23.418168
>
139.735104 35.736883 -25.693848
139.633899 35.688267 -25.182622
139.727248 35.654409 -25.117369
139.735104 35.736883 -25.693848
>
141.278840 35.214369 -15.371331
141.246291 35.359775 -18.638653
141.170842 35.278145 -17.510652
141.278840 35.214369 -15.371331
>
140.891300 35.953028 -26.237803
140.994732 36.022700 -27.314375
140.899457 36.046574 -27.469383
140.891300 35.953028 -26.237803
>
140.891300 35.953028 -26.237803
140.877104 35.827662 -25.400138
140.963747 35.889314 -25.648493
140.891300 35.953028 -26.237803
>
140.263109 35.215498 -18.229354
140.238684 35.312659 -20.623134
140.172036 35.207792 -17.632604
140.263109 35.215498 -18.229354
>
140.455864 36.456744 -53.773163
140.353423 36.392167 -54.457027
140.448755 36.353930 -49.719135
140.455864 36.456744 -53.773163
>
140.797165 36.033247 -27.953426
140.891300 35.953028 -26.237803
140.899457 36.046574 -27.469383
140.797165 36.033247 -27.953426
>
140.295763 35.819259 -26.899866
140.263986 35.716289 -25.665233
140.367386 35.755166 -25.769683
140.295763 35.819259 -26.899866
>
139.824436 35.928401 -31.359649
139.723320 35.914782 -29.762310
139.757812 35.833880 -27.063987
139.824436 35.928401 -31.359649
>
140.455390 35.520607 -24.088188
140.356777 35.460180 -23.438603
140.457203 35.416839 -22.613089
140.455390 35.520607 -24.088188
>
139.633899 35.688267 -25.182622
139.654147 35.595665 -23.949218
139.727248 35.654409 -25.117369
139.633899 35.688267 -25.182622
>
140.511402 34.718079 -8.245785
140.558820 34.812668 -10.581977
140.453856 34.815499 -10.347031
140.511402 34.718079 -8.245785
>
139.841630 35.841118 -27.670996
139.824436 35.928401 -31.359649
139.757812 35.833880 -27.063987
139.841630 35.841118 -27.670996
>
141.082604 35.545661 -22.488141
141.174672 35.481939 -21.221508
141.156621 35.596046 -22.743387
141.082604 35.545661 -22.488141
>
141.174672 35.481939 -21.221508
141.245225 35.571442 -21.816559
141.156621 35.596046 -22.743387
141.174672 35.481939 -21.221508
>
139.864158 35.052639 -9.873194
139.789283 34.963119 -5.999168
139.915064 34.946668 -7.756809
139.864158 35.052639 -9.873194
>
141.038699 35.333812 -19.430571
140.956089 35.245769 -18.191727
141.045041 35.224687 -17.292074
141.038699 35.333812 -19.430571
>
140.819818 36.145137 -30.669867
140.858136 36.253718 -34.267687
140.754601 36.235097 -35.565036
140.819818 36.145137 -30.669867
>
139.997044 35.048209 -11.659049
140.045178 34.930984 -9.232543
140.112242 35.036858 -12.611452
139.997044 35.048209 -11.659049
>
141.395073 35.053091 -12.303009
141.493213 35.110412 -13.174222
141.379507 35.136589 -13.529583
141.395073 35.053091 -12.303009
>
140.140151 35.303258 -20.123458
140.103416 35.408971 -22.441923
140.035280 35.306411 -19.707320
140.140151 35.303258 -20.123458
>
139.920587 36.084799 -43.739567
140.015417 36.049343 -41.261165
140.000118 36.157057 -48.031757
139.920587 36.084799 -43.739567
>
140.103416 35.408971 -22.441923
140.005744 35.403847 -22.011871
140.035280 35.306411 -19.707320
140.103416 35.408971 -22.441923
>
140.551493 35.856709 -26.391481
140.463039 35.901418 -27.942753
140.463268 35.799133 -25.957271
140.551493 35.856709 -26.391481
>
140.869768 35.390909 -21.075151
140.841310 35.289326 -19.436626
140.934124 35.336243 -19.933436
140.869768 35.390909 -21.075151
>
141.407766 34.364671 -7.480160
141.494720 34.423425 -7.967152
141.408411 34.459704 -7.770400
141.407766 34.364671 -7.480160
>
140.463039 35.901418 -27.942753
140.386140 35.840435 -26.932024
140.463268 35.799133 -25.957271
140.463039 35.901418 -27.942753
>
141.299153 35.078661 -12.833674
141.395073 35.053091 -12.303009
141.379507 35.136589 -13.529583
141.299153 35.078661 -12.833674
>
140.844588 34.951551 -12.655768
140.788185 35.055208 -15.061906
140.754055 34.950987 -13.009481
140.844588 34.951551 -12.655768
>
140.956089 35.245769 -18.191727
141.001278 35.139964 -15.856574
141.045041 35.224687 -17.292074
140.956089 35.245769 -18.191727
>
139.452030 35.611028 -22.667284
139.348524 35.609885 -21.593865
139.418838 35.523750 -20.005990
139.452030 35.611028 -22.667284
>
140.636686 34.756177 -9.386430
140.704278 34.670130 -7.624536
140.739017 34.771785 -9.541282
140.636686 34.756177 -9.386430
>
140.704278 34.670130 -7.624536
140.812727 34.703031 -8.166772
140.739017 34.771785 -9.541282
140.704278 34.670130 -7.624536
>
139.452030 35.611028 -22.667284
139.516650 35.492662 -20.202530
139.555236 35.602487 -23.374745
139.452030 35.611028 -22.667284
>
140.455603 35.318391 -20.813351
140.552672 35.359422 -21.437032
140.457203 35.416839 -22.613089
140.455603 35.318391 -20.813351
>
139.515898 35.703874 -24.988470
139.452030 35.611028 -22.667284
139.555236 35.602487 -23.374745
139.515898 35.703874 -24.988470
>
140.264767 35.610868 -25.130552
140.340063 35.669936 -25.332365
140.263986 35.716289 -25.665233
140.264767 35.610868 -25.130552
>
140.087190 36.230181 -51.632330
140.000640 36.258114 -54.469138
140.000118 36.157057 -48.031757
140.087190 36.230181 -51.632330
>
139.469570 36.187808 -47.676042
139.561187 36.143328 -45.456052
139.566336 36.228382 -52.750598
139.469570 36.187808 -47.676042
>
140.341247 35.927199 -30.316311
140.386140 35.840435 -26.932024
140.463039 35.901418 -27.942753
140.341247 35.927199 -30.316311
>
140.704278 34.670130 -7.624536
140.636686 34.756177 -9.386430
140.607758 34.664633 -7.326910
140.704278 34.670130 -7.624536
>
140.652540 34.577636 -5.826335
140.704278 34.670130 -7.624536
140.607758 34.664633 -7.326910
140.652540 34.577636 -5.826335
>
139.864158 35.052639 -9.873194
139.997044 35.048209 -11.659049
139.940546 35.142971 -13.769834
139.864158 35.052639 -9.873194
>
140.765167 35.820731 -25.494277
140.877104 35.827662 -25.400138
140.815594 35.898670 -25.911885
140.765167 35.820731 -25.494277
>
139.992129 35.595753 -25.050657
140.044214 35.500803 -23.954528
140.087848 35.595471 -25.093351
139.992129 35.595753 -25.050657
>
140.000118 36.157057 -48.031757
140.015417 36.049343 -41.261165
140.090312 36.119690 -45.563972
140.000118 36.157057 -48.031757
>
140.044214 35.500803 -23.954528
140.166962 35.528275 -24.441934
140.087848 35.595471 -25.093351
140.044214 35.500803 -23.954528
>
140.964753 35.421401 -21.226229
140.869768 35.390909 -21.075151
140.934124 35.336243 -19.933436
140.964753 35.421401 -21.226229
>
141.016821 34.944413 -11.586649
140.925413 34.879321 -10.756451
141.029536 34.852123 -9.830366
141.016821 34.944413 -11.586649
>
140.035280 35.306411 -19.707320
140.005744 35.403847 -22.011871
139.930991 35.322056 -19.456486
140.035280 35.306411 -19.707320
>
141.126114 34.898301 -10.316685
141.016821 34.944413 -11.586649
141.029536 34.852123 -9.830366
141.126114 34.898301 -10.316685
>
140.446275 36.010281 -33.262559
140.341247 35.927199 -30.316311
140.463039 35.901418 -27.942753
140.446275 36.010281 -33.262559
>
139.930991 35.322056 -19.456486
139.819418 35.363083 -19.711682
139.861027 35.248899 -16.452182
139.930991 35.322056 -19.456486
>
139.499212 36.291443 -61.168952
139.469570 36.187808 -47.676042
139.566336 36.228382 -52.750598
139.499212 36.291443 -61.168952
>
139.967590 35.238432 -17.145212
140.035280 35.306411 -19.707320
139.930991 35.322056 -19.456486
139.967590 35.238432 -17.145212
>
140.786870 34.860500 -11.069318
140.844588 34.951551 -12.655768
140.754055 34.950987 -13.009481
140.786870 34.860500 -11.069318
>
140.500917 36.269082 -44.888290
140.550385 36.371832 -47.095930
140.448755 36.353930 -49.719135
140.500917 36.269082 -44.888290
>
140.563554 35.761747 -25.478726
140.551493 35.856709 -26.391481
140.463268 35.799133 -25.957271
140.563554 35.761747 -25.478726
>
140.140151 35.303258 -20.123458
140.068635 35.173855 -15.961066
140.172036 35.207792 -17.632604
140.140151 35.303258 -20.123458
>
140.169099 36.181269 -48.133568
140.087190 36.230181 -51.632330
140.090312 36.119690 -45.563972
140.169099 36.181269 -48.133568
>
140.068635 35.173855 -15.961066
140.179263 35.123207 -15.328116
140.172036 35.207792 -17.632604
140.068635 35.173855 -15.961066
>
140.723256 35.922317 -26.490347
140.765167 35.820731 -25.494277
140.815594 35.898670 -25.911885
140.723256 35.922317 -26.490347
>
140.521655 34.907010 -12.374931
140.415379 34.906337 -12.010555
140.453856 34.815499 -10.347031
140.521655 34.907010 -12.374931
>
140.455093 35.685946 -25.283413
140.563554 35.761747 -25.478726
140.463268 35.799133 -25.957271
140.455093 35.685946 -25.283413
>
139.747683 36.045578 -40.484473
139.623450 36.065855 -41.330312
139.658163 35.969412 -32.430777
139.747683 36.045578 -40.484473
>
139.516650 35.492662 -20.202530
139.452030 35.611028 -22.667284
139.418838 35.523750 -20.005990
139.516650 35.492662 -20.202530
>
139.967590 35.238432 -17.145212
139.930991 35.322056 -19.456486
139.861027 35.248899 -16.452182
139.967590 35.238432 -17.145212
>
140.169885 35.655664 -25.427659
140.264767 35.610868 -25.130552
140.263986 35.716289 -25.665233
140.169885 35.655664 -25.427659
>
139.623450 36.065855 -41.330312
139.572652 35.966557 -31.245284
139.658163 35.969412 -32.430777
139.623450 36.065855 -41.330312
>
140.415379 34.906337 -12.010555
140.321440 34.823973 -9.664093
140.453856 34.815499 -10.347031
140.415379 34.906337 -12.010555
>
140.390807 34.731948 -7.920362
140.511402 34.718079 -8.245785
140.453856 34.815499 -10.347031
140.390807 34.731948 -7.920362
>
140.321440 34.823973 -9.664093
140.390807 34.731948 -7.920362
140.453856 34.815499 -10.347031
140.321440 34.823973 -9.664093
>
140.087190 36.230181 -51.632330
140.000118 36.157057 -48.031757
140.090312 36.119690 -45.563972
140.087190 36.230181 -51.632330
>
