139.840963 34.788163 82.835471 141.935546 34.273433 9.253619
139.907812 34.460971 82.754685 141.942973 34.049985 9.330199
139.974660 34.133778 82.650999 141.950401 33.826536 9.572698
140.041508 33.806586 82.181459 141.957828 33.603088 9.680922
140.089788 33.527275 82.359426 141.974205 33.421849 9.820720
140.138067 33.247964 82.408917 141.990581 33.240610 9.931342
140.186347 32.968654 82.330123 142.006957 33.059370 10.042551
140.227198 32.737225 82.120891 142.016117 32.818642 10.287659
140.268050 32.505796 81.895231 142.025278 32.577913 10.470955
140.308902 32.274367 81.654114 142.034438 32.337184 10.459627
140.346040 32.070870 81.332942 142.066292 32.134789 10.089540
140.383178 31.867372 81.085708 142.098146 31.932395 9.781099
140.420316 31.663874 80.902086 142.130000 31.730000 9.591520
140.457454 31.452396 80.931898 142.154313 31.532391 9.392572
140.494592 31.240918 81.075216 142.178626 31.334783 9.296926
140.531730 31.029440 81.426774 142.202939 31.137174 9.107026
140.568868 30.809982 82.100937 142.231464 30.939902 9.231030
140.606006 30.590523 83.105103 142.259989 30.742631 9.498610
140.643144 30.371065 84.450816 142.288514 30.545359 9.918259
