142.754120 42.740783 84.356561 144.461120 40.773660 7.820903
142.531292 42.659982 82.850627 144.438246 40.625022 7.196969
142.308465 42.579182 82.285126 144.415371 40.476383 7.110220
142.085637 42.498381 82.835165 144.392497 40.327744 7.363003
141.862809 42.417581 84.525927 144.369623 40.179106 7.448368
141.748609 42.247002 80.826601 144.344555 40.035460 7.420626
141.634410 42.076423 79.607424 144.319486 39.891815 7.381191
141.520211 41.905844 80.097138 144.294418 39.748169 7.400172
141.406012 41.735265 81.701706 144.269350 39.604524 7.343340
141.372587 41.492863 80.848008 144.237164 39.448691 7.422165
141.339163 41.250461 80.691514 144.204977 39.292859 7.489081
141.305739 41.008060 81.059490 144.172791 39.137026 7.442560
141.272315 40.765658 81.683232 144.140604 38.981194 7.446381
141.250032 40.571138 81.963338 144.108728 38.849735 7.437361
141.227749 40.376618 82.270467 144.076851 38.718277 7.489424
141.205466 40.182098 82.501289 144.044975 38.586819 7.533309
141.183184 39.987578 82.643454 144.013098 38.455360 7.594040
141.166472 39.790066 82.308518 143.965747 38.317700 7.800705
141.149759 39.592553 81.911043 143.918396 38.180040 7.906323
141.133047 39.395041 81.448978 143.871045 38.042379 7.921164
141.116335 39.197528 80.872931 143.823694 37.904719 7.956765
141.068984 38.985053 81.436721 143.770208 37.741123 7.923485
141.021633 38.772577 81.680192 143.716722 37.577526 7.776405
140.974282 38.560102 81.543805 143.663236 37.413929 7.491197
140.926931 38.347626 81.033505 143.609750 37.250333 7.478982
140.868439 38.209966 81.704763 143.518398 37.129631 7.631831
140.809947 38.072306 82.148054 143.427046 37.008929 7.786585
140.751455 37.934645 82.356020 143.335694 36.888228 7.886480
140.692962 37.796985 82.326177 143.244342 36.767526 8.020032
140.634470 37.686258 82.603570 143.157996 36.665777 8.143449
140.575978 37.575532 82.702348 143.071650 36.564028 7.988089
140.517485 37.464805 82.518913 142.985304 36.462279 7.865415
140.458993 37.354078 82.170494 142.898959 36.360530 7.482551
140.361506 37.192477 82.050785 142.809076 36.252026 7.033527
140.264018 37.030876 81.794747 142.719193 36.143521 7.070002
140.166531 36.869275 81.667175 142.629310 36.035017 7.328011
140.069044 36.707674 81.796503 142.539427 35.926512 7.659354
139.999410 36.531109 80.643953 142.478901 35.768674 5.975555
139.929777 36.354545 80.241719 142.418375 35.610836 6.944395
139.860143 36.177981 80.621650 142.357849 35.452998 6.984331
139.790509 36.001417 81.938434 142.297323 35.295160 7.789448
139.787724 35.830838 80.988140 142.244402 35.148522 7.817903
139.784938 35.660259 80.687139 142.191480 35.001884 7.861443
139.782153 35.489680 80.937530 142.138558 34.855246 8.231645
139.779368 35.319101 81.716756 142.085637 34.708608 8.631803
139.802556 35.171298 81.401155 142.034977 34.584631 8.914227
139.825745 35.023495 81.286164 141.984318 34.460654 9.037117
139.848933 34.875692 81.389575 141.933659 34.336677 9.213858
139.872122 34.727889 81.583088 141.883000 34.212700 9.745119
