142.603735 42.676831 82.453652 144.464125 40.518678 7.122387
142.954243 42.768565 82.257567 144.639379 40.735942 7.305428
143.304752 42.860298 83.021894 144.814634 40.953206 4.832873
143.655260 42.952032 84.094137 144.989888 41.170469 6.757553
143.915894 43.014797 84.215057 145.178623 41.305656 6.632610
144.176529 43.077562 83.977224 145.367358 41.440842 6.951274
144.437163 43.140327 83.298578 145.556093 41.576028 7.468185
144.684316 43.227233 84.022777 145.742401 41.726448 8.198382
144.931470 43.314138 84.039679 145.928708 41.876867 8.878803
145.178623 43.401044 83.494198 146.115016 42.027286 9.685775
145.430270 43.521746 84.261864 146.328647 42.137583 9.904638
145.681917 43.642448 84.535375 146.542279 42.247881 10.104670
145.933564 43.763150 84.327515 146.755910 42.358178 10.337537
146.203186 43.903165 84.356354 146.980595 42.474052 10.548283
146.472807 44.043179 84.111523 147.205280 42.589926 10.802349
146.742429 44.183193 83.848320 147.429965 42.705800 11.045229
146.994076 44.313552 83.783393 147.651838 42.831955 11.350288
147.245723 44.443910 83.948339 147.873712 42.958111 11.493113
147.497370 44.574268 84.312944 148.095585 43.084267 11.590506
147.690599 44.666002 84.018854 148.327575 43.199515 11.455487
147.883828 44.757735 83.867924 148.559565 43.314764 11.336979
148.077057 44.849469 83.803116 148.791555 43.430012 11.156292
148.306236 44.955687 83.682621 149.025227 43.536230 10.752974
148.535414 45.061905 83.640816 149.258899 43.642448 10.165921
148.764593 45.168122 83.706491 149.492571 43.748666 9.459348
148.984784 45.264684 83.392674 149.700062 43.859175 9.687959
149.204975 45.361246 83.117206 149.907553 43.969684 10.067081
149.425166 45.457807 82.767782 150.115045 44.080193 10.527845
149.618395 45.559197 83.588330 150.343442 44.177291 10.316660
149.811624 45.660587 84.345373 150.571839 44.274390 10.126677
150.004853 45.761977 84.988050 150.800237 44.371489 10.056252
