139.840963 34.788163 82.835471 141.935546 34.273433 9.253619
139.891100 34.542769 82.749591 141.941116 34.105847 9.313672
139.941236 34.297374 82.716457 141.946687 33.938261 9.384713
139.991372 34.051980 82.546938 141.952258 33.770674 9.580569
140.041508 33.806586 82.181459 141.957828 33.603088 9.680922
140.077718 33.597103 82.315935 141.970111 33.467158 9.780197
140.113928 33.387620 82.415134 141.982393 33.331229 9.860532
140.150137 33.178137 82.415595 141.994675 33.195300 9.963466
140.186347 32.968654 82.330123 142.006957 33.059370 10.042551
140.216985 32.795082 82.175733 142.013827 32.878824 10.229425
140.247624 32.621511 82.031627 142.020697 32.698277 10.400606
140.278263 32.447939 81.858565 142.027568 32.517731 10.542925
140.308902 32.274367 81.654114 142.034438 32.337184 10.459627
140.336755 32.121744 81.423618 142.058329 32.185388 10.168312
140.364609 31.969121 81.206995 142.082219 32.033592 9.920018
140.392462 31.816497 81.031854 142.106110 31.881796 9.686190
140.420316 31.663874 80.902086 142.130000 31.730000 9.591520
140.448169 31.505266 80.863274 142.148235 31.581794 9.458374
140.476023 31.346657 80.978865 142.166470 31.433587 9.422095
140.503876 31.188049 81.139810 142.184704 31.285381 9.306294
140.531730 31.029440 81.426774 142.202939 31.137174 9.107026
140.559583 30.864846 81.895976 142.224333 30.989220 9.194889
140.587437 30.700253 82.559195 142.245727 30.841266 9.342290
140.615290 30.535659 83.397997 142.267120 30.693313 9.594789
140.643144 30.371065 84.450816 142.288514 30.545359 9.918259
