142.754120 42.740783 84.356561 144.461120 40.773660 7.820903
142.457016 42.633049 82.552046 144.430621 40.575475 7.110080
142.159913 42.525315 82.516655 144.400122 40.377291 7.346470
141.862809 42.417581 84.525927 144.369623 40.179106 7.448368
141.710543 42.190142 80.180875 144.336199 39.987578 7.411015
141.558277 41.962703 79.770217 144.302774 39.796051 7.359691
141.406012 41.735265 81.701706 144.269350 39.604524 7.343340
141.361446 41.412062 80.733255 144.226435 39.396747 7.445917
141.316880 41.088860 80.882107 144.183520 39.188971 7.463790
141.272315 40.765658 81.683232 144.140604 38.981194 7.446381
141.242604 40.506298 82.071753 144.098102 38.805916 7.461257
141.212894 40.246938 82.428203 144.055600 38.630638 7.524631
141.183184 39.987578 82.643454 144.013098 38.455360 7.594040
141.160901 39.724228 82.194236 143.949963 38.271813 7.856060
141.138618 39.460878 81.616899 143.886829 38.088266 7.913290
141.116335 39.197528 80.872931 143.823694 37.904719 7.956765
141.053201 38.914228 81.570154 143.752380 37.686590 7.890715
140.990066 38.630927 81.622999 143.681065 37.468461 7.560847
140.926931 38.347626 81.033505 143.609750 37.250333 7.478982
140.848942 38.164079 81.879594 143.487948 37.089397 7.687153
140.770952 37.980532 82.303852 143.366145 36.928462 7.869574
140.692962 37.796985 82.326177 143.244342 36.767526 8.020032
140.614972 37.649349 82.664291 143.129214 36.631861 8.089954
140.536983 37.501714 82.611339 143.014086 36.496196 7.939830
140.458993 37.354078 82.170494 142.898959 36.360530 7.482551
140.329010 37.138610 81.964849 142.779115 36.215858 6.911129
140.199027 36.923142 81.668227 142.659271 36.071185 7.378356
140.069044 36.707674 81.796503 142.539427 35.926512 7.659354
139.976199 36.472255 80.425933 142.458726 35.716061 6.465000
139.883354 36.236836 80.404930 142.378024 35.505611 7.272940
139.790509 36.001417 81.938434 142.297323 35.295160 7.789448
139.786795 35.773978 80.819183 142.226761 35.099643 7.813711
139.783082 35.546540 80.810098 142.156199 34.904125 8.094928
139.779368 35.319101 81.716756 142.085637 34.708608 8.631803
139.810286 35.122030 81.332593 142.018091 34.543305 8.980438
139.841204 34.924959 81.344988 141.950546 34.378003 9.091530
139.872122 34.727889 81.583088 141.883000 34.212700 9.745119
