139.365975 36.303741 63.446922 139.315751 34.918730 1.424889
139.585305 36.321545 64.190626 139.495221 34.857644 1.582455
139.804635 36.339350 63.116266 139.674691 34.796558 1.509201
140.023965 36.357154 60.800402 139.854161 34.735471 2.831968
140.208443 36.496799 63.802827 140.037355 34.702938 4.146119
140.392921 36.636443 63.566671 140.220549 34.670406 5.112232
140.577399 36.776088 60.860215 140.403744 34.637873 5.689518
140.734625 36.501303 45.128404 140.569608 34.597715 5.785756
140.891850 36.226518 32.824039 140.735472 34.557558 5.879006
141.049076 35.951733 26.382441 140.901336 34.517400 6.049180
141.187435 35.694967 23.497306 141.070146 34.466490 6.435898
141.325793 35.438200 19.303154 141.238956 34.415581 7.012749
141.464152 35.181434 14.358371 141.407766 34.364671 7.480159
141.605979 34.876603 10.794626 141.564138 34.311217 7.870495
141.747806 34.571771 9.680239 141.720510 34.257762 8.559077
141.889634 34.266940 9.507167 141.876882 34.204307 9.301476
