142.603735 42.676831 82.453652 144.464125 40.518678 7.122387
142.866616 42.745632 82.203975 144.595566 40.681626 7.391977
143.129497 42.814432 82.555972 144.727006 40.844574 6.239649
143.392379 42.883232 83.284466 144.858447 41.007521 5.712363
143.655260 42.952032 84.094137 144.989888 41.170469 6.757553
143.850736 42.999106 84.216658 145.131439 41.271859 6.761206
144.046212 43.046180 84.154705 145.272991 41.373249 6.738225
144.241687 43.093254 83.854503 145.414542 41.474639 7.031022
144.437163 43.140327 83.298578 145.556093 41.576028 7.468185
144.622528 43.205506 83.912582 145.695824 41.688843 8.028522
144.807893 43.270686 84.113034 145.835555 41.801657 8.533439
144.993258 43.335865 83.952055 145.975285 41.914472 9.067362
145.178623 43.401044 83.494198 146.115016 42.027286 9.685775
145.367358 43.491570 84.134303 146.275240 42.110009 9.856679
145.556093 43.582097 84.464665 146.435463 42.192732 9.999645
145.744829 43.672624 84.523048 146.595687 42.275455 10.161565
145.933564 43.763150 84.327515 146.755910 42.358178 10.337537
146.135780 43.868161 84.370493 146.924424 42.445083 10.502050
146.337997 43.973172 84.246818 147.092938 42.531989 10.659921
146.540213 44.078183 84.030319 147.261451 42.618894 10.869298
146.742429 44.183193 83.848320 147.429965 42.705800 11.045229
146.931164 44.280962 83.774651 147.596370 42.800417 11.288035
147.119900 44.378731 83.826034 147.762775 42.895033 11.447092
147.308635 44.476499 84.017844 147.929180 42.989650 11.512526
147.497370 44.574268 84.312944 148.095585 43.084267 11.590506
147.642292 44.643068 84.078695 148.269578 43.170703 11.487245
147.787214 44.711869 83.948014 148.443570 43.257140 11.400090
147.932135 44.780669 83.843566 148.617562 43.343576 11.299527
148.077057 44.849469 83.803116 148.791555 43.430012 11.156292
148.248941 44.929132 83.716485 148.966809 43.509676 10.860243
148.420825 45.008796 83.642338 149.142063 43.589339 10.483889
148.592709 45.088459 83.642870 149.317317 43.669002 10.006547
148.764593 45.168122 83.706491 149.492571 43.748666 9.459348
148.929736 45.240544 83.467799 149.648190 43.831548 9.630611
149.094879 45.312965 83.276581 149.803808 43.914429 9.834087
149.260023 45.385386 83.024149 149.959426 43.997311 10.193266
149.425166 45.457807 82.767782 150.115045 44.080193 10.527845
149.570088 45.533850 83.393677 150.286343 44.153017 10.363351
149.715009 45.609892 83.988591 150.457641 44.225841 10.202431
149.859931 45.685934 84.512029 150.628939 44.298665 10.114460
150.004853 45.761977 84.988050 150.800237 44.371489 10.056252
