139.365975 36.303741 63.446922 139.315751 34.918730 1.424889
139.530473 36.317094 64.206809 139.450353 34.872915 1.536162
139.694970 36.330448 63.873575 139.584956 34.827101 1.395456
139.859467 36.343801 62.638690 139.719558 34.781286 1.902706
140.023965 36.357154 60.800402 139.854161 34.735471 2.831968
140.162323 36.461887 63.397900 139.991557 34.711072 3.796913
140.300682 36.566621 64.031576 140.128952 34.686672 4.703861
140.439040 36.671355 63.104488 140.266348 34.662272 5.290864
140.577399 36.776088 60.860215 140.403744 34.637873 5.689518
140.695318 36.569999 48.528977 140.528142 34.607755 5.768293
140.813238 36.363911 38.405731 140.652540 34.577636 5.826332
140.931157 36.157822 30.107926 140.776938 34.547518 5.907276
141.049076 35.951733 26.382441 140.901336 34.517400 6.049180
141.152845 35.759158 24.178581 141.027943 34.479218 6.306600
141.256614 35.566584 21.672797 141.154551 34.441036 6.730616
141.360383 35.374009 18.115484 141.281158 34.402853 7.139767
141.464152 35.181434 14.358371 141.407766 34.364671 7.480159
141.570522 34.952810 11.568620 141.525045 34.324580 7.728967
141.676893 34.724187 10.143828 141.642324 34.284489 8.195337
141.783263 34.495563 9.624151 141.759603 34.244398 8.752319
141.889634 34.266940 9.507167 141.876882 34.204307 9.301476
