>
144.276640 42.531161 -44.621502
143.925263 42.993771 -82.181108
143.684168 42.383945 -45.519342
144.276640 42.531161 -44.621502
>
143.036685 42.316727 -52.503856
143.408445 42.853603 -80.232048
142.762927 42.714838 -81.909959
143.036685 42.316727 -52.503856
>
148.886309 44.472827 -38.400485
149.387088 43.737738 -10.945186
149.624086 44.447610 -24.068886
148.886309 44.472827 -38.400485
>
144.104832 41.916226 -22.611584
144.276640 42.531161 -44.621502
143.684168 42.383945 -45.519342
144.104832 41.916226 -22.611584
>
149.387088 43.737738 -10.945186
148.886309 44.472827 -38.400485
148.627428 43.905599 -22.117847
149.387088 43.737738 -10.945186
>
143.925263 42.993771 -82.181108
143.408445 42.853603 -80.232048
143.684168 42.383945 -45.519342
143.925263 42.993771 -82.181108
>
146.180629 42.754318 -22.388911
146.401103 43.414987 -47.768028
145.910233 43.233947 -52.422660
146.180629 42.754318 -22.388911
>
145.204592 42.208608 -16.242637
145.569683 41.602876 -7.658913
145.710970 42.297338 -15.083692
145.204592 42.208608 -16.242637
>
143.443646 41.738414 -27.279170
144.043379 41.224357 -15.136423
144.104832 41.916226 -22.611584
143.443646 41.738414 -27.279170
>
143.408445 42.853603 -80.232048
143.036685 42.316727 -52.503856
143.684168 42.383945 -45.519342
143.408445 42.853603 -80.232048
>
144.987565 41.720511 -11.758864
145.569683 41.602876 -7.658913
145.204592 42.208608 -16.242637
144.987565 41.720511 -11.758864
>
144.104832 41.916226 -22.611584
144.525155 41.518522 -13.170277
144.656003 42.100958 -19.207460
144.104832 41.916226 -22.611584
>
146.180629 42.754318 -22.388911
146.879524 43.060107 -22.431020
146.401103 43.414987 -47.768028
146.180629 42.754318 -22.388911
>
145.468047 42.845808 -41.496422
146.180629 42.754318 -22.388911
145.910233 43.233947 -52.422660
145.468047 42.845808 -41.496422
>
144.276640 42.531161 -44.621502
144.104832 41.916226 -22.611584
144.656003 42.100958 -19.207460
144.276640 42.531161 -44.621502
>
147.531242 44.535616 -79.771890
146.979186 44.276845 -81.267782
147.524310 43.946780 -43.327263
147.531242 44.535616 -79.771890
>
144.525155 41.518522 -13.170277
144.987565 41.720511 -11.758864
144.656003 42.100958 -19.207460
144.525155 41.518522 -13.170277
>
146.180629 42.754318 -22.388911
145.468047 42.845808 -41.496422
145.710970 42.297338 -15.083692
146.180629 42.754318 -22.388911
>
144.461120 40.773660 -7.820903
144.982390 41.171590 -6.710455
144.525155 41.518522 -13.170277
144.461120 40.773660 -7.820903
>
146.979186 44.276845 -81.267782
146.964387 43.682832 -44.936347
147.524310 43.946780 -43.327263
146.979186 44.276845 -81.267782
>
143.036685 42.316727 -52.503856
143.443646 41.738414 -27.279170
143.684168 42.383945 -45.519342
143.036685 42.316727 -52.503856
>
145.569683 41.602876 -7.658913
146.115016 42.027286 -9.685775
145.710970 42.297338 -15.083692
145.569683 41.602876 -7.658913
>
144.043379 41.224357 -15.136423
144.461120 40.773660 -7.820903
144.525155 41.518522 -13.170277
144.043379 41.224357 -15.136423
>
144.453827 43.101592 -80.119762
144.276640 42.531161 -44.621502
144.835287 42.684156 -44.475076
144.453827 43.101592 -80.119762
>
148.189010 44.869863 -81.429090
147.531242 44.535616 -79.771890
148.135057 44.230156 -42.930366
148.189010 44.869863 -81.429090
>
144.982390 41.171590 -6.710455
145.569683 41.602876 -7.658913
144.987565 41.720511 -11.758864
144.982390 41.171590 -6.710455
>
146.115016 42.027286 -9.685775
146.779507 42.400754 -10.866605
146.180629 42.754318 -22.388911
146.115016 42.027286 -9.685775
>
150.455961 44.902209 -26.256190
150.150569 45.408970 -57.367511
149.942064 44.924266 -36.917708
150.455961 44.902209 -26.256190
>
149.504546 45.462880 -80.510207
148.811541 45.160980 -81.686461
149.429954 44.957844 -50.765547
149.504546 45.462880 -80.510207
>
146.964387 43.682832 -44.936347
146.879524 43.060107 -22.431020
147.502499 43.361971 -22.518013
146.964387 43.682832 -44.936347
>
146.779507 42.400754 -10.866605
147.449021 42.745782 -11.548450
146.879524 43.060107 -22.431020
146.779507 42.400754 -10.866605
>
149.387088 43.737738 -10.945186
150.115045 44.080193 -10.527851
149.624086 44.447610 -24.068886
149.387088 43.737738 -10.945186
>
148.886309 44.472827 -38.400485
149.624086 44.447610 -24.068886
149.429954 44.957844 -50.765547
148.886309 44.472827 -38.400485
>
144.987565 41.720511 -11.758864
145.204592 42.208608 -16.242637
144.656003 42.100958 -19.207460
144.987565 41.720511 -11.758864
>
146.521098 44.028856 -80.946592
145.969043 43.716174 -80.083797
146.401103 43.414987 -47.768028
146.521098 44.028856 -80.946592
>
149.997872 45.700087 -80.684550
149.504546 45.462880 -80.510207
149.814464 45.279017 -59.232789
149.997872 45.700087 -80.684550
>
146.879524 43.060107 -22.431020
147.449021 42.745782 -11.548450
147.502499 43.361971 -22.518013
146.879524 43.060107 -22.431020
>
146.180629 42.754318 -22.388911
146.779507 42.400754 -10.866605
146.879524 43.060107 -22.431020
146.180629 42.754318 -22.388911
>
144.947153 43.263324 -80.501824
144.453827 43.101592 -80.119762
144.835287 42.684156 -44.475076
144.947153 43.263324 -80.501824
>
145.204592 42.208608 -16.242637
144.835287 42.684156 -44.475076
144.656003 42.100958 -19.207460
145.204592 42.208608 -16.242637
>
150.150569 45.408970 -57.367511
149.997872 45.700087 -80.684550
149.814464 45.279017 -59.232789
150.150569 45.408970 -57.367511
>
145.487462 43.478967 -80.174895
144.947153 43.263324 -80.501824
145.468047 42.845808 -41.496422
145.487462 43.478967 -80.174895
>
143.443646 41.738414 -27.279170
144.104832 41.916226 -22.611584
143.684168 42.383945 -45.519342
143.443646 41.738414 -27.279170
>
148.729320 43.381928 -10.917117
149.387088 43.737738 -10.945186
148.627428 43.905599 -22.117847
148.729320 43.381928 -10.917117
>
147.502499 43.361971 -22.518013
148.095585 43.084267 -11.590511
148.102149 43.651896 -22.322512
147.502499 43.361971 -22.518013
>
148.135057 44.230156 -42.930366
147.531242 44.535616 -79.771890
147.524310 43.946780 -43.327263
148.135057 44.230156 -42.930366
>
146.879524 43.060107 -22.431020
146.964387 43.682832 -44.936347
146.401103 43.414987 -47.768028
146.879524 43.060107 -22.431020
>
144.104832 41.916226 -22.611584
144.043379 41.224357 -15.136423
144.525155 41.518522 -13.170277
144.104832 41.916226 -22.611584
>
149.624086 44.447610 -24.068886
149.942064 44.924266 -36.917708
149.429954 44.957844 -50.765547
149.624086 44.447610 -24.068886
>
148.189010 44.869863 -81.429090
148.135057 44.230156 -42.930366
148.886309 44.472827 -38.400485
148.189010 44.869863 -81.429090
>
147.449021 42.745782 -11.548450
148.095585 43.084267 -11.590511
147.502499 43.361971 -22.518013
147.449021 42.745782 -11.548450
>
144.453827 43.101592 -80.119762
143.925263 42.993771 -82.181108
144.276640 42.531161 -44.621502
144.453827 43.101592 -80.119762
>
148.811541 45.160980 -81.686461
148.189010 44.869863 -81.429090
148.886309 44.472827 -38.400485
148.811541 45.160980 -81.686461
>
148.811541 45.160980 -81.686461
148.886309 44.472827 -38.400485
149.429954 44.957844 -50.765547
148.811541 45.160980 -81.686461
>
145.468047 42.845808 -41.496422
145.204592 42.208608 -16.242637
145.710970 42.297338 -15.083692
145.468047 42.845808 -41.496422
>
149.942064 44.924266 -36.917708
149.624086 44.447610 -24.068886
150.177353 44.549945 -19.335984
149.942064 44.924266 -36.917708
>
145.468047 42.845808 -41.496422
144.947153 43.263324 -80.501824
144.835287 42.684156 -44.475076
145.468047 42.845808 -41.496422
>
147.524310 43.946780 -43.327263
147.502499 43.361971 -22.518013
148.102149 43.651896 -22.322512
147.524310 43.946780 -43.327263
>
144.982390 41.171590 -6.710455
144.987565 41.720511 -11.758864
144.525155 41.518522 -13.170277
144.982390 41.171590 -6.710455
>
144.835287 42.684156 -44.475076
144.276640 42.531161 -44.621502
144.656003 42.100958 -19.207460
144.835287 42.684156 -44.475076
>
149.429954 44.957844 -50.765547
149.942064 44.924266 -36.917708
149.814464 45.279017 -59.232789
149.429954 44.957844 -50.765547
>
145.487462 43.478967 -80.174895
145.468047 42.845808 -41.496422
145.910233 43.233947 -52.422660
145.487462 43.478967 -80.174895
>
147.524310 43.946780 -43.327263
146.964387 43.682832 -44.936347
147.502499 43.361971 -22.518013
147.524310 43.946780 -43.327263
>
148.095585 43.084267 -11.590511
148.729320 43.381928 -10.917117
148.102149 43.651896 -22.322512
148.095585 43.084267 -11.590511
>
146.115016 42.027286 -9.685775
146.180629 42.754318 -22.388911
145.710970 42.297338 -15.083692
146.115016 42.027286 -9.685775
>
146.401103 43.414987 -47.768028
145.969043 43.716174 -80.083797
145.910233 43.233947 -52.422660
146.401103 43.414987 -47.768028
>
146.979186 44.276845 -81.267782
146.521098 44.028856 -80.946592
146.964387 43.682832 -44.936347
146.979186 44.276845 -81.267782
>
146.964387 43.682832 -44.936347
146.521098 44.028856 -80.946592
146.401103 43.414987 -47.768028
146.964387 43.682832 -44.936347
>
150.115045 44.080193 -10.527851
150.749607 44.395449 -11.058540
150.177353 44.549945 -19.335984
150.115045 44.080193 -10.527851
>
145.468047 42.845808 -41.496422
144.835287 42.684156 -44.475076
145.204592 42.208608 -16.242637
145.468047 42.845808 -41.496422
>
148.102149 43.651896 -22.322512
148.729320 43.381928 -10.917117
148.627428 43.905599 -22.117847
148.102149 43.651896 -22.322512
>
149.504546 45.462880 -80.510207
149.429954 44.957844 -50.765547
149.814464 45.279017 -59.232789
149.504546 45.462880 -80.510207
>
149.624086 44.447610 -24.068886
150.115045 44.080193 -10.527851
150.177353 44.549945 -19.335984
149.624086 44.447610 -24.068886
>
145.969043 43.716174 -80.083797
145.487462 43.478967 -80.174895
145.910233 43.233947 -52.422660
145.969043 43.716174 -80.083797
>
150.749607 44.395449 -11.058540
150.455961 44.902209 -26.256190
150.177353 44.549945 -19.335984
150.749607 44.395449 -11.058540
>
148.886309 44.472827 -38.400485
148.135057 44.230156 -42.930366
148.627428 43.905599 -22.117847
148.886309 44.472827 -38.400485
>
149.942064 44.924266 -36.917708
150.150569 45.408970 -57.367511
149.814464 45.279017 -59.232789
149.942064 44.924266 -36.917708
>
148.135057 44.230156 -42.930366
147.524310 43.946780 -43.327263
148.102149 43.651896 -22.322512
148.135057 44.230156 -42.930366
>
148.135057 44.230156 -42.930366
148.102149 43.651896 -22.322512
148.627428 43.905599 -22.117847
148.135057 44.230156 -42.930366
>
150.455961 44.902209 -26.256190
149.942064 44.924266 -36.917708
150.177353 44.549945 -19.335984
150.455961 44.902209 -26.256190
>
142.340000 35.400000 -6.861820
142.111923 36.000617 -14.503126
141.895275 35.710816 -15.408253
142.340000 35.400000 -6.861820
>
143.377720 41.004870 -18.723626
143.270498 40.400921 -17.445429
143.876738 40.588045 -13.178849
143.377720 41.004870 -18.723626
>
141.734382 40.440393 -58.067707
142.243741 40.636971 -38.160608
141.790940 40.986170 -59.398562
141.734382 40.440393 -58.067707
>
143.377720 41.004870 -18.723626
142.790856 40.826933 -25.422922
143.270498 40.400921 -17.445429
143.377720 41.004870 -18.723626
>
142.340000 35.400000 -6.861820
142.539427 35.926512 -7.659354
142.111923 36.000617 -14.503126
142.340000 35.400000 -6.861820
>
142.243741 40.636971 -38.160608
142.291009 41.267624 -40.860213
141.790940 40.986170 -59.398562
142.243741 40.636971 -38.160608
>
144.140604 38.981194 -7.446384
144.250000 39.580000 -7.432840
143.576351 39.303334 -14.077160
144.140604 38.981194 -7.446384
>
143.744805 39.980526 -12.836103
143.135243 39.810858 -17.678233
143.576351 39.303334 -14.077160
143.744805 39.980526 -12.836103
>
142.993912 37.886526 -16.696014
143.418488 37.657245 -10.047109
143.492415 38.176670 -11.828606
142.993912 37.886526 -16.696014
>
143.619933 38.725145 -12.454447
144.140604 38.981194 -7.446384
143.576351 39.303334 -14.077160
143.619933 38.725145 -12.454447
>
142.790856 40.826933 -25.422922
142.695407 40.235880 -25.067708
143.270498 40.400921 -17.445429
142.790856 40.826933 -25.422922
>
142.159851 40.064825 -39.920083
141.734382 40.440393 -58.067707
141.656315 39.882208 -59.744683
142.159851 40.064825 -39.920083
>
143.135243 39.810858 -17.678233
143.744805 39.980526 -12.836103
143.270498 40.400921 -17.445429
143.135243 39.810858 -17.678233
>
143.576351 39.303334 -14.077160
142.952146 39.269716 -20.254845
143.218901 38.894562 -16.958477
143.576351 39.303334 -14.077160
>
143.122158 38.461103 -17.403876
142.993912 37.886526 -16.696014
143.492415 38.176670 -11.828606
143.122158 38.461103 -17.403876
>
141.734382 40.440393 -58.067707
142.159851 40.064825 -39.920083
142.243741 40.636971 -38.160608
141.734382 40.440393 -58.067707
>
144.043379 41.224357 -15.136423
143.377720 41.004870 -18.723626
143.876738 40.588045 -13.178849
144.043379 41.224357 -15.136423
>
140.901091 38.200789 -80.101982
140.645266 37.652841 -81.307378
141.233607 37.850123 -60.108537
140.901091 38.200789 -80.101982
>
144.043379 41.224357 -15.136423
143.443646 41.738414 -27.279170
143.377720 41.004870 -18.723626
144.043379 41.224357 -15.136423
>
142.120000 34.830000 -8.370060
142.340000 35.400000 -6.861820
141.877387 35.073532 -10.174557
142.120000 34.830000 -8.370060
>
141.826009 38.505960 -47.340549
142.299035 38.645475 -34.899572
141.946448 38.996781 -45.940332
141.826009 38.505960 -47.340549
>
143.135243 39.810858 -17.678233
142.952146 39.269716 -20.254845
143.576351 39.303334 -14.077160
143.135243 39.810858 -17.678233
>
142.870000 36.320000 -7.330340
142.798128 36.939771 -12.528582
142.496684 36.668942 -15.058373
142.870000 36.320000 -7.330340
>
140.645266 37.652841 -81.307378
140.332654 37.095755 -80.473874
140.741213 37.167620 -65.271031
140.645266 37.652841 -81.307378
>
143.443646 41.738414 -27.279170
143.036685 42.316727 -52.503856
142.813399 41.940490 -41.963019
143.443646 41.738414 -27.279170
>
143.619933 38.725145 -12.454447
143.576351 39.303334 -14.077160
143.218901 38.894562 -16.958477
143.619933 38.725145 -12.454447
>
143.270498 40.400921 -17.445429
143.744805 39.980526 -12.836103
143.876738 40.588045 -13.178849
143.270498 40.400921 -17.445429
>
142.650274 37.411442 -18.408656
143.126073 37.331884 -11.405986
142.993912 37.886526 -16.696014
142.650274 37.411442 -18.408656
>
141.233607 37.850123 -60.108537
140.645266 37.652841 -81.307378
141.123711 37.370563 -54.980580
141.233607 37.850123 -60.108537
>
142.695407 40.235880 -25.067708
142.790856 40.826933 -25.422922
142.243741 40.636971 -38.160608
142.695407 40.235880 -25.067708
>
141.480908 38.835474 -62.445698
141.826009 38.505960 -47.340549
141.946448 38.996781 -45.940332
141.480908 38.835474 -62.445698
>
142.340000 35.400000 -6.861820
141.752814 35.396317 -14.881826
141.877387 35.073532 -10.174557
142.340000 35.400000 -6.861820
>
143.122158 38.461103 -17.403876
143.619933 38.725145 -12.454447
143.218901 38.894562 -16.958477
143.122158 38.461103 -17.403876
>
143.619933 38.725145 -12.454447
143.122158 38.461103 -17.403876
143.492415 38.176670 -11.828606
143.619933 38.725145 -12.454447
>
142.790856 40.826933 -25.422922
142.291009 41.267624 -40.860213
142.243741 40.636971 -38.160608
142.790856 40.826933 -25.422922
>
144.250000 39.580000 -7.432840
143.744805 39.980526 -12.836103
143.576351 39.303334 -14.077160
144.250000 39.580000 -7.432840
>
142.169882 37.452050 -26.134524
141.657035 37.524248 -40.845818
141.906804 37.087702 -27.093118
142.169882 37.452050 -26.134524
>
142.421827 42.584374 -79.841843
141.881753 42.388678 -82.623690
142.388991 42.132735 -59.063292
142.421827 42.584374 -79.841843
>
144.461120 40.773660 -7.820903
144.043379 41.224357 -15.136423
143.876738 40.588045 -13.178849
144.461120 40.773660 -7.820903
>
142.111923 36.000617 -14.503126
142.341705 36.332082 -13.996163
141.914343 36.369917 -19.918832
142.111923 36.000617 -14.503126
>
143.377720 41.004870 -18.723626
142.866762 41.415334 -29.347956
142.790856 40.826933 -25.422922
143.377720 41.004870 -18.723626
>
142.650274 37.411442 -18.408656
142.993912 37.886526 -16.696014
142.436186 37.837782 -25.306828
142.650274 37.411442 -18.408656
>
141.752814 35.396317 -14.881826
142.340000 35.400000 -6.861820
141.895275 35.710816 -15.408253
141.752814 35.396317 -14.881826
>
142.433860 39.148607 -32.075772
142.572253 39.674770 -27.859635
142.057009 39.518731 -43.137144
142.433860 39.148607 -32.075772
>
142.299035 38.645475 -34.899572
142.433860 39.148607 -32.075772
141.946448 38.996781 -45.940332
142.299035 38.645475 -34.899572
>
142.291009 41.267624 -40.860213
142.059821 41.822163 -60.221227
141.801006 41.472120 -63.504240
142.291009 41.267624 -40.860213
>
142.790856 40.826933 -25.422922
142.866762 41.415334 -29.347956
142.291009 41.267624 -40.860213
142.790856 40.826933 -25.422922
>
142.539427 35.926512 -7.659354
142.341705 36.332082 -13.996163
142.111923 36.000617 -14.503126
142.539427 35.926512 -7.659354
>
141.313253 40.823112 -79.957568
141.242191 40.249071 -80.740362
141.734382 40.440393 -58.067707
141.313253 40.823112 -79.957568
>
141.573328 39.345198 -61.738787
141.128491 39.153175 -79.950009
141.480908 38.835474 -62.445698
141.573328 39.345198 -61.738787
>
140.587578 36.749751 -60.811172
141.016673 36.965506 -50.219476
140.741213 37.167620 -65.271031
140.587578 36.749751 -60.811172
>
144.250000 39.580000 -7.432840
144.360000 40.200000 -7.432900
143.744805 39.980526 -12.836103
144.250000 39.580000 -7.432840
>
141.657035 37.524248 -40.845818
142.169882 37.452050 -26.134524
142.013259 37.804768 -35.511956
141.657035 37.524248 -40.845818
>
141.512228 41.958148 -81.152596
141.355890 41.331921 -80.477963
141.801006 41.472120 -63.504240
141.512228 41.958148 -81.152596
>
143.377720 41.004870 -18.723626
143.443646 41.738414 -27.279170
142.866762 41.415334 -29.347956
143.377720 41.004870 -18.723626
>
141.573328 39.345198 -61.738787
141.480908 38.835474 -62.445698
141.946448 38.996781 -45.940332
141.573328 39.345198 -61.738787
>
140.332654 37.095755 -80.473874
140.587578 36.749751 -60.811172
140.741213 37.167620 -65.271031
140.332654 37.095755 -80.473874
>
142.539427 35.926512 -7.659354
142.870000 36.320000 -7.330340
142.341705 36.332082 -13.996163
142.539427 35.926512 -7.659354
>
141.313253 40.823112 -79.957568
141.734382 40.440393 -58.067707
141.790940 40.986170 -59.398562
141.313253 40.823112 -79.957568
>
141.914343 36.369917 -19.918832
142.341705 36.332082 -13.996163
142.117854 36.706502 -20.017905
141.914343 36.369917 -19.918832
>
141.946448 38.996781 -45.940332
142.433860 39.148607 -32.075772
142.057009 39.518731 -43.137144
141.946448 38.996781 -45.940332
>
143.609750 37.250333 -7.478983
143.810000 37.870000 -7.972540
143.418488 37.657245 -10.047109
143.609750 37.250333 -7.478983
>
141.363075 38.349604 -62.195481
141.826009 38.505960 -47.340549
141.480908 38.835474 -62.445698
141.363075 38.349604 -62.195481
>
141.707832 38.034819 -46.784642
141.233607 37.850123 -60.108537
141.657035 37.524248 -40.845818
141.707832 38.034819 -46.784642
>
142.798128 36.939771 -12.528582
142.650274 37.411442 -18.408656
142.355734 37.046357 -19.661058
142.798128 36.939771 -12.528582
>
141.029003 38.670459 -80.313505
141.363075 38.349604 -62.195481
141.480908 38.835474 -62.445698
141.029003 38.670459 -80.313505
>
142.159851 40.064825 -39.920083
142.695407 40.235880 -25.067708
142.243741 40.636971 -38.160608
142.159851 40.064825 -39.920083
>
142.059821 41.822163 -60.221227
142.291009 41.267624 -40.860213
142.483939 41.713675 -43.091496
142.059821 41.822163 -60.221227
>
142.355734 37.046357 -19.661058
142.650274 37.411442 -18.408656
142.169882 37.452050 -26.134524
142.355734 37.046357 -19.661058
>
141.734382 40.440393 -58.067707
141.242191 40.249071 -80.740362
141.656315 39.882208 -59.744683
141.734382 40.440393 -58.067707
>
143.290000 36.860000 -7.986980
143.126073 37.331884 -11.405986
142.798128 36.939771 -12.528582
143.290000 36.860000 -7.986980
>
141.656315 39.882208 -59.744683
141.573328 39.345198 -61.738787
142.057009 39.518731 -43.137144
141.656315 39.882208 -59.744683
>
141.171128 39.675030 -81.283739
141.128491 39.153175 -79.950009
141.573328 39.345198 -61.738787
141.171128 39.675030 -81.283739
>
142.866762 41.415334 -29.347956
143.443646 41.738414 -27.279170
142.813399 41.940490 -41.963019
142.866762 41.415334 -29.347956
>
142.798128 36.939771 -12.528582
143.126073 37.331884 -11.405986
142.650274 37.411442 -18.408656
142.798128 36.939771 -12.528582
>
140.961997 36.099738 -37.935396
141.153190 35.753733 -29.177132
141.329003 36.081070 -28.058627
140.961997 36.099738 -37.935396
>
142.341705 36.332082 -13.996163
142.870000 36.320000 -7.330340
142.496684 36.668942 -15.058373
142.341705 36.332082 -13.996163
>
142.159851 40.064825 -39.920083
141.656315 39.882208 -59.744683
142.057009 39.518731 -43.137144
142.159851 40.064825 -39.920083
>
143.744805 39.980526 -12.836103
144.360000 40.200000 -7.432900
143.876738 40.588045 -13.178849
143.744805 39.980526 -12.836103
>
141.448470 37.063040 -38.762504
141.123711 37.370563 -54.980580
141.016673 36.965506 -50.219476
141.448470 37.063040 -38.762504
>
141.363075 38.349604 -62.195481
140.901091 38.200789 -80.101982
141.233607 37.850123 -60.108537
141.363075 38.349604 -62.195481
>
144.360000 40.200000 -7.432900
144.461120 40.773660 -7.820903
143.876738 40.588045 -13.178849
144.360000 40.200000 -7.432900
>
142.572253 39.674770 -27.859635
142.695407 40.235880 -25.067708
142.159851 40.064825 -39.920083
142.572253 39.674770 -27.859635
>
141.153190 35.753733 -29.177132
141.531465 35.733376 -19.989661
141.329003 36.081070 -28.058627
141.153190 35.753733 -29.177132
>
141.657035 37.524248 -40.845818
141.123711 37.370563 -54.980580
141.448470 37.063040 -38.762504
141.657035 37.524248 -40.845818
>
143.990000 38.460000 -7.733000
144.140604 38.981194 -7.446384
143.619933 38.725145 -12.454447
143.990000 38.460000 -7.733000
>
141.657035 37.524248 -40.845818
141.448470 37.063040 -38.762504
141.906804 37.087702 -27.093118
141.657035 37.524248 -40.845818
>
141.657035 37.524248 -40.845818
141.233607 37.850123 -60.108537
141.123711 37.370563 -54.980580
141.657035 37.524248 -40.845818
>
143.290000 36.860000 -7.986980
143.609750 37.250333 -7.478983
143.126073 37.331884 -11.405986
143.290000 36.860000 -7.986980
>
141.363075 38.349604 -62.195481
141.233607 37.850123 -60.108537
141.707832 38.034819 -46.784642
141.363075 38.349604 -62.195481
>
141.242191 40.249071 -80.740362
141.171128 39.675030 -81.283739
141.656315 39.882208 -59.744683
141.242191 40.249071 -80.740362
>
142.117854 36.706502 -20.017905
142.341705 36.332082 -13.996163
142.496684 36.668942 -15.058373
142.117854 36.706502 -20.017905
>
141.029003 38.670459 -80.313505
140.901091 38.200789 -80.101982
141.363075 38.349604 -62.195481
141.029003 38.670459 -80.313505
>
141.128491 39.153175 -79.950009
141.029003 38.670459 -80.313505
141.480908 38.835474 -62.445698
141.128491 39.153175 -79.950009
>
141.171128 39.675030 -81.283739
141.573328 39.345198 -61.738787
141.656315 39.882208 -59.744683
141.171128 39.675030 -81.283739
>
142.299035 38.645475 -34.899572
142.776270 38.786168 -23.712399
142.433860 39.148607 -32.075772
142.299035 38.645475 -34.899572
>
142.572253 39.674770 -27.859635
142.159851 40.064825 -39.920083
142.057009 39.518731 -43.137144
142.572253 39.674770 -27.859635
>
141.826009 38.505960 -47.340549
141.707832 38.034819 -46.784642
142.158755 38.173607 -35.686774
141.826009 38.505960 -47.340549
>
142.433860 39.148607 -32.075772
142.952146 39.269716 -20.254845
142.572253 39.674770 -27.859635
142.433860 39.148607 -32.075772
>
141.363075 38.349604 -62.195481
141.707832 38.034819 -46.784642
141.826009 38.505960 -47.340549
141.363075 38.349604 -62.195481
>
141.826009 38.505960 -47.340549
142.158755 38.173607 -35.686774
142.299035 38.645475 -34.899572
141.826009 38.505960 -47.340549
>
142.433860 39.148607 -32.075772
142.776270 38.786168 -23.712399
142.952146 39.269716 -20.254845
142.433860 39.148607 -32.075772
>
142.299035 38.645475 -34.899572
142.631520 38.297545 -25.035068
142.776270 38.786168 -23.712399
142.299035 38.645475 -34.899572
>
142.299035 38.645475 -34.899572
142.158755 38.173607 -35.686774
142.631520 38.297545 -25.035068
142.299035 38.645475 -34.899572
>
143.122158 38.461103 -17.403876
142.631520 38.297545 -25.035068
142.993912 37.886526 -16.696014
143.122158 38.461103 -17.403876
>
142.572253 39.674770 -27.859635
142.952146 39.269716 -20.254845
143.135243 39.810858 -17.678233
142.572253 39.674770 -27.859635
>
143.990000 38.460000 -7.733000
143.619933 38.725145 -12.454447
143.492415 38.176670 -11.828606
143.990000 38.460000 -7.733000
>
141.881753 42.388678 -82.623690
141.512228 41.958148 -81.152596
142.059821 41.822163 -60.221227
141.881753 42.388678 -82.623690
>
142.572253 39.674770 -27.859635
143.135243 39.810858 -17.678233
142.695407 40.235880 -25.067708
142.572253 39.674770 -27.859635
>
142.776270 38.786168 -23.712399
142.631520 38.297545 -25.035068
143.122158 38.461103 -17.403876
142.776270 38.786168 -23.712399
>
141.344383 35.407729 -21.038703
141.535575 35.037010 -15.840839
141.752814 35.396317 -14.881826
141.344383 35.407729 -21.038703
>
143.418488 37.657245 -10.047109
143.810000 37.870000 -7.972540
143.492415 38.176670 -11.828606
143.418488 37.657245 -10.047109
>
141.153190 35.753733 -29.177132
141.344383 35.407729 -21.038703
141.531465 35.733376 -19.989661
141.153190 35.753733 -29.177132
>
141.016673 36.965506 -50.219476
140.587578 36.749751 -60.811172
140.963438 36.636290 -45.696815
141.016673 36.965506 -50.219476
>
140.778771 36.387270 -47.398927
140.961997 36.099738 -37.935396
141.139426 36.382712 -36.615159
140.778771 36.387270 -47.398927
>
141.355890 41.331921 -80.477963
141.313253 40.823112 -79.957568
141.790940 40.986170 -59.398562
141.355890 41.331921 -80.477963
>
142.169882 37.452050 -26.134524
142.650274 37.411442 -18.408656
142.436186 37.837782 -25.306828
142.169882 37.452050 -26.134524
>
141.329003 36.081070 -28.058627
141.531465 35.733376 -19.989661
141.714124 36.050591 -19.911802
141.329003 36.081070 -28.058627
>
143.036685 42.316727 -52.503856
142.762927 42.714838 -81.909959
142.680597 42.339924 -60.766344
143.036685 42.316727 -52.503856
>
142.111923 36.000617 -14.503126
141.914343 36.369917 -19.918832
141.714124 36.050591 -19.911802
142.111923 36.000617 -14.503126
>
142.695407 40.235880 -25.067708
143.135243 39.810858 -17.678233
143.270498 40.400921 -17.445429
142.695407 40.235880 -25.067708
>
141.535575 35.037010 -15.840839
141.718802 34.649814 -11.722479
141.877387 35.073532 -10.174557
141.535575 35.037010 -15.840839
>
140.587578 36.749751 -60.811172
140.778771 36.387270 -47.398927
140.963438 36.636290 -45.696815
140.587578 36.749751 -60.811172
>
141.707832 38.034819 -46.784642
141.657035 37.524248 -40.845818
142.013259 37.804768 -35.511956
141.707832 38.034819 -46.784642
>
141.718802 34.649814 -11.722479
142.120000 34.830000 -8.370060
141.877387 35.073532 -10.174557
141.718802 34.649814 -11.722479
>
142.993912 37.886526 -16.696014
142.631520 38.297545 -25.035068
142.436186 37.837782 -25.306828
142.993912 37.886526 -16.696014
>
142.169882 37.452050 -26.134524
142.436186 37.837782 -25.306828
142.013259 37.804768 -35.511956
142.169882 37.452050 -26.134524
>
142.355734 37.046357 -19.661058
142.169882 37.452050 -26.134524
141.906804 37.087702 -27.093118
142.355734 37.046357 -19.661058
>
141.573328 39.345198 -61.738787
141.946448 38.996781 -45.940332
142.057009 39.518731 -43.137144
141.573328 39.345198 -61.738787
>
141.139426 36.382712 -36.615159
141.329003 36.081070 -28.058627
141.508601 36.395695 -27.345342
141.139426 36.382712 -36.615159
>
141.139426 36.382712 -36.615159
140.961997 36.099738 -37.935396
141.329003 36.081070 -28.058627
141.139426 36.382712 -36.615159
>
141.531465 35.733376 -19.989661
141.344383 35.407729 -21.038703
141.752814 35.396317 -14.881826
141.531465 35.733376 -19.989661
>
141.914343 36.369917 -19.918832
141.508601 36.395695 -27.345342
141.714124 36.050591 -19.911802
141.914343 36.369917 -19.918832
>
141.714124 36.050591 -19.911802
141.531465 35.733376 -19.989661
141.895275 35.710816 -15.408253
141.714124 36.050591 -19.911802
>
142.776270 38.786168 -23.712399
143.122158 38.461103 -17.403876
143.218901 38.894562 -16.958477
142.776270 38.786168 -23.712399
>
141.448470 37.063040 -38.762504
141.016673 36.965506 -50.219476
141.294743 36.696209 -36.939457
141.448470 37.063040 -38.762504
>
143.810000 37.870000 -7.972540
143.990000 38.460000 -7.733000
143.492415 38.176670 -11.828606
143.810000 37.870000 -7.972540
>
142.813399 41.940490 -41.963019
142.680597 42.339924 -60.766344
142.388991 42.132735 -59.063292
142.813399 41.940490 -41.963019
>
141.016673 36.965506 -50.219476
141.123711 37.370563 -54.980580
140.741213 37.167620 -65.271031
141.016673 36.965506 -50.219476
>
141.790940 40.986170 -59.398562
142.291009 41.267624 -40.860213
141.801006 41.472120 -63.504240
141.790940 40.986170 -59.398562
>
141.881753 42.388678 -82.623690
142.059821 41.822163 -60.221227
142.388991 42.132735 -59.063292
141.881753 42.388678 -82.623690
>
141.508601 36.395695 -27.345342
141.329003 36.081070 -28.058627
141.714124 36.050591 -19.911802
141.508601 36.395695 -27.345342
>
141.123711 37.370563 -54.980580
140.645266 37.652841 -81.307378
140.741213 37.167620 -65.271031
141.123711 37.370563 -54.980580
>
141.139426 36.382712 -36.615159
141.508601 36.395695 -27.345342
141.294743 36.696209 -36.939457
141.139426 36.382712 -36.615159
>
142.059821 41.822163 -60.221227
141.512228 41.958148 -81.152596
141.801006 41.472120 -63.504240
142.059821 41.822163 -60.221227
>
142.813399 41.940490 -41.963019
142.388991 42.132735 -59.063292
142.483939 41.713675 -43.091496
142.813399 41.940490 -41.963019
>
142.291009 41.267624 -40.860213
142.866762 41.415334 -29.347956
142.483939 41.713675 -43.091496
142.291009 41.267624 -40.860213
>
142.993912 37.886526 -16.696014
143.126073 37.331884 -11.405986
143.418488 37.657245 -10.047109
142.993912 37.886526 -16.696014
>
142.631520 38.297545 -25.035068
142.158755 38.173607 -35.686774
142.436186 37.837782 -25.306828
142.631520 38.297545 -25.035068
>
142.355734 37.046357 -19.661058
142.117854 36.706502 -20.017905
142.496684 36.668942 -15.058373
142.355734 37.046357 -19.661058
>
142.111923 36.000617 -14.503126
141.714124 36.050591 -19.911802
141.895275 35.710816 -15.408253
142.111923 36.000617 -14.503126
>
141.906804 37.087702 -27.093118
141.448470 37.063040 -38.762504
141.691852 36.734013 -27.272262
141.906804 37.087702 -27.093118
>
143.126073 37.331884 -11.405986
143.609750 37.250333 -7.478983
143.418488 37.657245 -10.047109
143.126073 37.331884 -11.405986
>
142.436186 37.837782 -25.306828
142.158755 38.173607 -35.686774
142.013259 37.804768 -35.511956
142.436186 37.837782 -25.306828
>
142.762927 42.714838 -81.909959
142.421827 42.584374 -79.841843
142.680597 42.339924 -60.766344
142.762927 42.714838 -81.909959
>
141.508601 36.395695 -27.345342
141.914343 36.369917 -19.918832
141.691852 36.734013 -27.272262
141.508601 36.395695 -27.345342
>
142.798128 36.939771 -12.528582
142.355734 37.046357 -19.661058
142.496684 36.668942 -15.058373
142.798128 36.939771 -12.528582
>
141.355890 41.331921 -80.477963
141.790940 40.986170 -59.398562
141.801006 41.472120 -63.504240
141.355890 41.331921 -80.477963
>
141.294743 36.696209 -36.939457
141.508601 36.395695 -27.345342
141.691852 36.734013 -27.272262
141.294743 36.696209 -36.939457
>
140.778771 36.387270 -47.398927
141.139426 36.382712 -36.615159
140.963438 36.636290 -45.696815
140.778771 36.387270 -47.398927
>
142.952146 39.269716 -20.254845
142.776270 38.786168 -23.712399
143.218901 38.894562 -16.958477
142.952146 39.269716 -20.254845
>
142.158755 38.173607 -35.686774
141.707832 38.034819 -46.784642
142.013259 37.804768 -35.511956
142.158755 38.173607 -35.686774
>
142.680597 42.339924 -60.766344
142.421827 42.584374 -79.841843
142.388991 42.132735 -59.063292
142.680597 42.339924 -60.766344
>
141.448470 37.063040 -38.762504
141.294743 36.696209 -36.939457
141.691852 36.734013 -27.272262
141.448470 37.063040 -38.762504
>
141.139426 36.382712 -36.615159
141.294743 36.696209 -36.939457
140.963438 36.636290 -45.696815
141.139426 36.382712 -36.615159
>
141.752814 35.396317 -14.881826
141.535575 35.037010 -15.840839
141.877387 35.073532 -10.174557
141.752814 35.396317 -14.881826
>
141.906804 37.087702 -27.093118
141.691852 36.734013 -27.272262
142.117854 36.706502 -20.017905
141.906804 37.087702 -27.093118
>
143.036685 42.316727 -52.503856
142.680597 42.339924 -60.766344
142.813399 41.940490 -41.963019
143.036685 42.316727 -52.503856
>
142.355734 37.046357 -19.661058
141.906804 37.087702 -27.093118
142.117854 36.706502 -20.017905
142.355734 37.046357 -19.661058
>
142.388991 42.132735 -59.063292
142.059821 41.822163 -60.221227
142.483939 41.713675 -43.091496
142.388991 42.132735 -59.063292
>
141.531465 35.733376 -19.989661
141.752814 35.396317 -14.881826
141.895275 35.710816 -15.408253
141.531465 35.733376 -19.989661
>
141.691852 36.734013 -27.272262
141.914343 36.369917 -19.918832
142.117854 36.706502 -20.017905
141.691852 36.734013 -27.272262
>
141.294743 36.696209 -36.939457
141.016673 36.965506 -50.219476
140.963438 36.636290 -45.696815
141.294743 36.696209 -36.939457
>
142.866762 41.415334 -29.347956
142.813399 41.940490 -41.963019
142.483939 41.713675 -43.091496
142.866762 41.415334 -29.347956
>
141.883000 34.212700 -9.745119
142.120000 34.830000 -8.370060
141.718802 34.649814 -11.722479
141.883000 34.212700 -9.745119
>
142.870000 36.320000 -7.330340
143.290000 36.860000 -7.986980
142.798128 36.939771 -12.528582
142.870000 36.320000 -7.330340
>
141.153644 34.077060 -22.710380
140.768004 34.377225 -35.521535
140.822050 33.804102 -35.443021
141.153644 34.077060 -22.710380
>
141.421507 32.568624 -21.741876
141.339090 32.920245 -22.089505
141.010979 32.551007 -36.304844
141.421507 32.568624 -21.741876
>
141.010979 32.551007 -36.304844
141.339090 32.920245 -22.089505
140.943484 32.993743 -35.781661
141.010979 32.551007 -36.304844
>
141.235558 31.728307 -32.854357
140.950548 31.940581 -43.584295
140.853642 31.531862 -52.379745
141.235558 31.728307 -32.854357
>
140.853642 31.531862 -52.379745
141.244785 31.334466 -34.542723
141.235558 31.728307 -32.854357
140.853642 31.531862 -52.379745
>
141.050532 35.052991 -27.276786
140.594265 35.235512 -42.736821
140.662575 34.815767 -39.339316
141.050532 35.052991 -27.276786
>
140.904418 35.485884 -33.776574
140.594265 35.235512 -42.736821
141.050532 35.052991 -27.276786
140.904418 35.485884 -33.776574
>
140.822050 33.804102 -35.443021
140.768004 34.377225 -35.521535
140.410263 34.047843 -54.855945
140.822050 33.804102 -35.443021
>
141.651163 33.178740 -13.721941
141.604423 33.561822 -13.820450
141.272628 33.291159 -22.016648
141.651163 33.178740 -13.721941
>
140.950548 31.940581 -43.584295
141.017287 32.222823 -38.482191
140.702266 32.239869 -54.115173
140.950548 31.940581 -43.584295
>
141.244785 31.334466 -34.542723
141.549147 31.606556 -23.101648
141.235558 31.728307 -32.854357
141.244785 31.334466 -34.542723
>
140.332654 37.095755 -80.473874
140.048341 36.622176 -80.542047
140.587578 36.749751 -60.811172
140.332654 37.095755 -80.473874
>
140.702266 32.239869 -54.115173
140.647496 31.846842 -61.821006
140.950548 31.940581 -43.584295
140.702266 32.239869 -54.115173
>
141.272628 33.291159 -22.016648
141.604423 33.561822 -13.820450
141.215593 33.681467 -21.905218
141.272628 33.291159 -22.016648
>
141.651163 33.178740 -13.721941
141.339090 32.920245 -22.089505
141.696643 32.822704 -13.669342
141.651163 33.178740 -13.721941
>
140.931106 31.081583 -52.508515
140.957021 30.726023 -54.926517
141.420777 30.915968 -29.368485
140.931106 31.081583 -52.508515
>
141.420777 30.915968 -29.368485
141.904504 30.807648 -16.309300
141.862826 31.133333 -15.768532
141.420777 30.915968 -29.368485
>
141.573345 31.289801 -23.385798
141.549147 31.606556 -23.101648
141.244785 31.334466 -34.542723
141.573345 31.289801 -23.385798
>
141.244785 31.334466 -34.542723
140.931106 31.081583 -52.508515
141.420777 30.915968 -29.368485
141.244785 31.334466 -34.542723
>
141.272628 33.291159 -22.016648
141.339090 32.920245 -22.089505
141.651163 33.178740 -13.721941
141.272628 33.291159 -22.016648
>
140.702266 32.239869 -54.115173
140.620382 32.699050 -54.407563
140.294471 32.415590 -80.970905
140.702266 32.239869 -54.115173
>
139.849367 36.087275 -80.008281
140.221755 36.164690 -64.310707
140.048341 36.622176 -80.542047
139.849367 36.087275 -80.008281
>
140.620382 32.699050 -54.407563
141.010979 32.551007 -36.304844
140.943484 32.993743 -35.781661
140.620382 32.699050 -54.407563
>
140.410263 34.047843 -54.855945
140.485373 33.557882 -54.503454
140.822050 33.804102 -35.443021
140.410263 34.047843 -54.855945
>
140.702266 32.239869 -54.115173
141.010979 32.551007 -36.304844
140.620382 32.699050 -54.407563
140.702266 32.239869 -54.115173
>
139.792517 35.695883 -80.356047
140.189053 35.430060 -60.610946
140.167576 35.820479 -63.058010
139.792517 35.695883 -80.356047
>
140.904418 35.485884 -33.776574
140.769882 35.829800 -40.690027
140.514062 35.635251 -47.699227
140.904418 35.485884 -33.776574
>
142.034438 32.337184 -10.459629
141.742920 32.484878 -13.460277
141.789905 32.154524 -13.265024
142.034438 32.337184 -10.459629
>
139.820942 35.200120 -80.178106
140.189053 35.430060 -60.610946
139.792517 35.695883 -80.356047
139.820942 35.200120 -80.178106
>
141.862826 31.133333 -15.768532
141.573345 31.289801 -23.385798
141.420777 30.915968 -29.368485
141.862826 31.133333 -15.768532
>
140.077861 33.770629 -79.754804
140.485373 33.557882 -54.503454
140.410263 34.047843 -54.855945
140.077861 33.770629 -79.754804
>
142.006957 33.059370 -10.042545
141.696643 32.822704 -13.669342
142.019325 32.702799 -10.416252
142.006957 33.059370 -10.042545
>
140.514062 35.635251 -47.699227
140.594265 35.235512 -42.736821
140.904418 35.485884 -33.776574
140.514062 35.635251 -47.699227
>
140.294471 32.415590 -80.970905
140.620382 32.699050 -54.407563
140.230290 32.872179 -80.042037
140.294471 32.415590 -80.970905
>
141.714467 30.500860 -22.046254
141.420777 30.915968 -29.368485
141.176954 30.456674 -44.254584
141.714467 30.500860 -22.046254
>
141.651163 33.178740 -13.721941
141.696643 32.822704 -13.669342
142.006957 33.059370 -10.042545
141.651163 33.178740 -13.721941
>
142.288514 30.545359 -9.918257
141.904504 30.807648 -16.309300
141.714467 30.500860 -22.046254
142.288514 30.545359 -9.918257
>
141.742920 32.484878 -13.460277
141.500059 32.264659 -21.289768
141.789905 32.154524 -13.265024
141.742920 32.484878 -13.460277
>
142.019325 32.702799 -10.416252
141.742920 32.484878 -13.460277
142.034438 32.337184 -10.459629
142.019325 32.702799 -10.416252
>
141.215593 33.681467 -21.905218
141.604423 33.561822 -13.820450
141.541062 33.944576 -14.317083
141.215593 33.681467 -21.905218
>
141.541062 33.944576 -14.317083
141.153644 34.077060 -22.710380
141.215593 33.681467 -21.905218
141.541062 33.944576 -14.317083
>
140.221755 36.164690 -64.310707
140.438076 35.908567 -52.770802
140.603052 36.133543 -49.494903
140.221755 36.164690 -64.310707
>
140.048341 36.622176 -80.542047
140.447832 36.411192 -59.180177
140.587578 36.749751 -60.811172
140.048341 36.622176 -80.542047
>
139.981590 34.234583 -80.646997
140.326700 34.542636 -56.088367
139.872122 34.727889 -81.583077
139.981590 34.234583 -80.646997
>
139.872122 34.727889 -81.583077
140.326700 34.542636 -56.088367
140.244953 34.993118 -58.319153
139.872122 34.727889 -81.583077
>
141.420777 30.915968 -29.368485
140.957021 30.726023 -54.926517
141.176954 30.456674 -44.254584
141.420777 30.915968 -29.368485
>
142.130000 31.730000 -9.591520
141.862617 31.496099 -13.849315
142.179777 31.347760 -9.303740
142.130000 31.730000 -9.591520
>
140.620382 32.699050 -54.407563
140.943484 32.993743 -35.781661
140.552982 33.137259 -54.221726
140.620382 32.699050 -54.407563
>
141.931077 33.807451 -9.767565
141.604423 33.561822 -13.820450
141.987235 33.417141 -9.668195
141.931077 33.807451 -9.767565
>
141.153644 34.077060 -22.710380
141.138391 34.435603 -22.854407
140.768004 34.377225 -35.521535
141.153644 34.077060 -22.710380
>
140.189053 35.430060 -60.610946
140.514062 35.635251 -47.699227
140.167576 35.820479 -63.058010
140.189053 35.430060 -60.610946
>
140.189053 35.430060 -60.610946
140.594265 35.235512 -42.736821
140.514062 35.635251 -47.699227
140.189053 35.430060 -60.610946
>
141.010979 32.551007 -36.304844
141.239492 32.336265 -29.011668
141.421507 32.568624 -21.741876
141.010979 32.551007 -36.304844
>
140.326700 34.542636 -56.088367
140.662575 34.815767 -39.339316
140.244953 34.993118 -58.319153
140.326700 34.542636 -56.088367
>
141.987235 33.417141 -9.668195
141.604423 33.561822 -13.820450
141.651163 33.178740 -13.721941
141.987235 33.417141 -9.668195
>
140.230290 32.872179 -80.042037
140.620382 32.699050 -54.407563
140.552982 33.137259 -54.221726
140.230290 32.872179 -80.042037
>
141.718802 34.649814 -11.722479
141.457797 34.334695 -15.392970
141.883000 34.212700 -9.745119
141.718802 34.649814 -11.722479
>
140.374696 32.003187 -79.953912
140.702266 32.239869 -54.115173
140.294471 32.415590 -80.970905
140.374696 32.003187 -79.953912
>
140.662575 34.815767 -39.339316
140.987475 34.687909 -28.017012
141.050532 35.052991 -27.276786
140.662575 34.815767 -39.339316
>
140.853642 31.531862 -52.379745
140.931106 31.081583 -52.508515
141.244785 31.334466 -34.542723
140.853642 31.531862 -52.379745
>
142.019325 32.702799 -10.416252
141.696643 32.822704 -13.669342
141.742920 32.484878 -13.460277
142.019325 32.702799 -10.416252
>
140.326700 34.542636 -56.088367
140.768004 34.377225 -35.521535
140.662575 34.815767 -39.339316
140.326700 34.542636 -56.088367
>
139.872122 34.727889 -81.583077
140.244953 34.993118 -58.319153
139.820942 35.200120 -80.178106
139.872122 34.727889 -81.583077
>
140.943484 32.993743 -35.781661
141.272628 33.291159 -22.016648
140.882018 33.410935 -35.320538
140.943484 32.993743 -35.781661
>
140.410263 34.047843 -54.855945
140.326700 34.542636 -56.088367
139.981590 34.234583 -80.646997
140.410263 34.047843 -54.855945
>
139.792517 35.695883 -80.356047
140.167576 35.820479 -63.058010
139.849367 36.087275 -80.008281
139.792517 35.695883 -80.356047
>
140.158087 33.299311 -79.969733
140.485373 33.557882 -54.503454
140.077861 33.770629 -79.754804
140.158087 33.299311 -79.969733
>
141.714467 30.500860 -22.046254
141.904504 30.807648 -16.309300
141.420777 30.915968 -29.368485
141.714467 30.500860 -22.046254
>
140.230290 32.872179 -80.042037
140.552982 33.137259 -54.221726
140.158087 33.299311 -79.969733
140.230290 32.872179 -80.042037
>
140.410263 34.047843 -54.855945
140.768004 34.377225 -35.521535
140.326700 34.542636 -56.088367
140.410263 34.047843 -54.855945
>
142.091528 32.054737 -9.764664
141.829609 31.833842 -13.289250
142.130000 31.730000 -9.591520
142.091528 32.054737 -9.764664
>
140.519103 31.193109 -79.853225
140.853642 31.531862 -52.379745
140.446900 31.598148 -79.710391
140.519103 31.193109 -79.853225
>
140.077861 33.770629 -79.754804
140.410263 34.047843 -54.855945
139.981590 34.234583 -80.646997
140.077861 33.770629 -79.754804
>
140.447832 36.411192 -59.180177
140.221755 36.164690 -64.310707
140.603052 36.133543 -49.494903
140.447832 36.411192 -59.180177
>
140.519103 31.193109 -79.853225
140.931106 31.081583 -52.508515
140.853642 31.531862 -52.379745
140.519103 31.193109 -79.853225
>
141.535575 35.037010 -15.840839
141.325033 34.701129 -17.740104
141.718802 34.649814 -11.722479
141.535575 35.037010 -15.840839
>
140.943484 32.993743 -35.781661
140.882018 33.410935 -35.320538
140.552982 33.137259 -54.221726
140.943484 32.993743 -35.781661
>
140.591306 30.788070 -80.631921
140.931106 31.081583 -52.508515
140.519103 31.193109 -79.853225
140.591306 30.788070 -80.631921
>
142.179777 31.347760 -9.303740
141.862826 31.133333 -15.768532
142.235935 30.942721 -9.138687
142.179777 31.347760 -9.303740
>
140.950548 31.940581 -43.584295
140.647496 31.846842 -61.821006
140.853642 31.531862 -52.379745
140.950548 31.940581 -43.584295
>
141.883000 34.212700 -9.745119
141.541062 33.944576 -14.317083
141.931077 33.807451 -9.767565
141.883000 34.212700 -9.745119
>
140.374696 32.003187 -79.953912
140.647496 31.846842 -61.821006
140.702266 32.239869 -54.115173
140.374696 32.003187 -79.953912
>
141.789905 32.154524 -13.265024
141.829609 31.833842 -13.289250
142.091528 32.054737 -9.764664
141.789905 32.154524 -13.265024
>
141.272628 33.291159 -22.016648
141.215593 33.681467 -21.905218
140.882018 33.410935 -35.320538
141.272628 33.291159 -22.016648
>
140.882018 33.410935 -35.320538
140.485373 33.557882 -54.503454
140.552982 33.137259 -54.221726
140.882018 33.410935 -35.320538
>
140.943484 32.993743 -35.781661
141.339090 32.920245 -22.089505
141.272628 33.291159 -22.016648
140.943484 32.993743 -35.781661
>
142.130000 31.730000 -9.591520
141.829609 31.833842 -13.289250
141.862617 31.496099 -13.849315
142.130000 31.730000 -9.591520
>
140.587578 36.749751 -60.811172
140.447832 36.411192 -59.180177
140.778771 36.387270 -47.398927
140.587578 36.749751 -60.811172
>
141.987235 33.417141 -9.668195
141.651163 33.178740 -13.721941
142.006957 33.059370 -10.042545
141.987235 33.417141 -9.668195
>
141.153190 35.753733 -29.177132
140.769882 35.829800 -40.690027
140.904418 35.485884 -33.776574
141.153190 35.753733 -29.177132
>
141.500059 32.264659 -21.289768
141.540877 31.951845 -21.866060
141.789905 32.154524 -13.265024
141.500059 32.264659 -21.289768
>
140.778771 36.387270 -47.398927
140.603052 36.133543 -49.494903
140.961997 36.099738 -37.935396
140.778771 36.387270 -47.398927
>
140.552982 33.137259 -54.221726
140.485373 33.557882 -54.503454
140.158087 33.299311 -79.969733
140.552982 33.137259 -54.221726
>
141.153190 35.753733 -29.177132
140.904418 35.485884 -33.776574
141.344383 35.407729 -21.038703
141.153190 35.753733 -29.177132
>
141.215593 33.681467 -21.905218
141.153644 34.077060 -22.710380
140.822050 33.804102 -35.443021
141.215593 33.681467 -21.905218
>
141.541062 33.944576 -14.317083
141.457797 34.334695 -15.392970
141.153644 34.077060 -22.710380
141.541062 33.944576 -14.317083
>
140.822050 33.804102 -35.443021
140.485373 33.557882 -54.503454
140.882018 33.410935 -35.320538
140.822050 33.804102 -35.443021
>
141.344383 35.407729 -21.038703
141.050532 35.052991 -27.276786
141.535575 35.037010 -15.840839
141.344383 35.407729 -21.038703
>
140.244953 34.993118 -58.319153
140.189053 35.430060 -60.610946
139.820942 35.200120 -80.178106
140.244953 34.993118 -58.319153
>
140.244953 34.993118 -58.319153
140.594265 35.235512 -42.736821
140.189053 35.430060 -60.610946
140.244953 34.993118 -58.319153
>
142.034438 32.337184 -10.459629
141.789905 32.154524 -13.265024
142.091528 32.054737 -9.764664
142.034438 32.337184 -10.459629
>
141.742920 32.484878 -13.460277
141.421507 32.568624 -21.741876
141.500059 32.264659 -21.289768
141.742920 32.484878 -13.460277
>
141.883000 34.212700 -9.745119
141.457797 34.334695 -15.392970
141.541062 33.944576 -14.317083
141.883000 34.212700 -9.745119
>
141.535575 35.037010 -15.840839
141.050532 35.052991 -27.276786
141.325033 34.701129 -17.740104
141.535575 35.037010 -15.840839
>
140.961997 36.099738 -37.935396
140.769882 35.829800 -40.690027
141.153190 35.753733 -29.177132
140.961997 36.099738 -37.935396
>
141.742920 32.484878 -13.460277
141.696643 32.822704 -13.669342
141.421507 32.568624 -21.741876
141.742920 32.484878 -13.460277
>
140.853642 31.531862 -52.379745
140.647496 31.846842 -61.821006
140.446900 31.598148 -79.710391
140.853642 31.531862 -52.379745
>
141.215593 33.681467 -21.905218
140.822050 33.804102 -35.443021
140.882018 33.410935 -35.320538
141.215593 33.681467 -21.905218
>
141.541062 33.944576 -14.317083
141.604423 33.561822 -13.820450
141.931077 33.807451 -9.767565
141.541062 33.944576 -14.317083
>
141.176954 30.456674 -44.254584
140.957021 30.726023 -54.926517
140.679554 30.390395 -80.816638
141.176954 30.456674 -44.254584
>
140.904418 35.485884 -33.776574
141.050532 35.052991 -27.276786
141.344383 35.407729 -21.038703
140.904418 35.485884 -33.776574
>
141.862617 31.496099 -13.849315
141.862826 31.133333 -15.768532
142.179777 31.347760 -9.303740
141.862617 31.496099 -13.849315
>
141.247040 32.073784 -30.431917
140.950548 31.940581 -43.584295
141.235558 31.728307 -32.854357
141.247040 32.073784 -30.431917
>
141.247040 32.073784 -30.431917
141.235558 31.728307 -32.854357
141.540877 31.951845 -21.866060
141.247040 32.073784 -30.431917
>
140.662575 34.815767 -39.339316
140.594265 35.235512 -42.736821
140.244953 34.993118 -58.319153
140.662575 34.815767 -39.339316
>
141.500059 32.264659 -21.289768
141.247040 32.073784 -30.431917
141.540877 31.951845 -21.866060
141.500059 32.264659 -21.289768
>
142.235935 30.942721 -9.138687
141.904504 30.807648 -16.309300
142.288514 30.545359 -9.918257
142.235935 30.942721 -9.138687
>
141.540877 31.951845 -21.866060
141.829609 31.833842 -13.289250
141.789905 32.154524 -13.265024
141.540877 31.951845 -21.866060
>
141.420777 30.915968 -29.368485
141.573345 31.289801 -23.385798
141.244785 31.334466 -34.542723
141.420777 30.915968 -29.368485
>
140.702266 32.239869 -54.115173
141.017287 32.222823 -38.482191
141.010979 32.551007 -36.304844
140.702266 32.239869 -54.115173
>
141.325033 34.701129 -17.740104
141.457797 34.334695 -15.392970
141.718802 34.649814 -11.722479
141.325033 34.701129 -17.740104
>
141.696643 32.822704 -13.669342
141.339090 32.920245 -22.089505
141.421507 32.568624 -21.741876
141.696643 32.822704 -13.669342
>
140.603052 36.133543 -49.494903
140.769882 35.829800 -40.690027
140.961997 36.099738 -37.935396
140.603052 36.133543 -49.494903
>
140.603052 36.133543 -49.494903
140.438076 35.908567 -52.770802
140.769882 35.829800 -40.690027
140.603052 36.133543 -49.494903
>
140.679554 30.390395 -80.816638
140.957021 30.726023 -54.926517
140.591306 30.788070 -80.631921
140.679554 30.390395 -80.816638
>
141.247040 32.073784 -30.431917
141.017287 32.222823 -38.482191
140.950548 31.940581 -43.584295
141.247040 32.073784 -30.431917
>
140.514062 35.635251 -47.699227
140.438076 35.908567 -52.770802
140.167576 35.820479 -63.058010
140.514062 35.635251 -47.699227
>
140.048341 36.622176 -80.542047
140.221755 36.164690 -64.310707
140.447832 36.411192 -59.180177
140.048341 36.622176 -80.542047
>
141.862617 31.496099 -13.849315
141.573345 31.289801 -23.385798
141.862826 31.133333 -15.768532
141.862617 31.496099 -13.849315
>
140.778771 36.387270 -47.398927
140.447832 36.411192 -59.180177
140.603052 36.133543 -49.494903
140.778771 36.387270 -47.398927
>
141.457797 34.334695 -15.392970
141.138391 34.435603 -22.854407
141.153644 34.077060 -22.710380
141.457797 34.334695 -15.392970
>
141.862617 31.496099 -13.849315
141.549147 31.606556 -23.101648
141.573345 31.289801 -23.385798
141.862617 31.496099 -13.849315
>
140.167576 35.820479 -63.058010
140.221755 36.164690 -64.310707
139.849367 36.087275 -80.008281
140.167576 35.820479 -63.058010
>
141.829609 31.833842 -13.289250
141.549147 31.606556 -23.101648
141.862617 31.496099 -13.849315
141.829609 31.833842 -13.289250
>
140.768004 34.377225 -35.521535
140.987475 34.687909 -28.017012
140.662575 34.815767 -39.339316
140.768004 34.377225 -35.521535
>
141.050532 35.052991 -27.276786
140.987475 34.687909 -28.017012
141.325033 34.701129 -17.740104
141.050532 35.052991 -27.276786
>
140.769882 35.829800 -40.690027
140.438076 35.908567 -52.770802
140.514062 35.635251 -47.699227
140.769882 35.829800 -40.690027
>
141.235558 31.728307 -32.854357
141.549147 31.606556 -23.101648
141.540877 31.951845 -21.866060
141.235558 31.728307 -32.854357
>
140.591306 30.788070 -80.631921
140.957021 30.726023 -54.926517
140.931106 31.081583 -52.508515
140.591306 30.788070 -80.631921
>
141.500059 32.264659 -21.289768
141.239492 32.336265 -29.011668
141.247040 32.073784 -30.431917
141.500059 32.264659 -21.289768
>
141.540877 31.951845 -21.866060
141.549147 31.606556 -23.101648
141.829609 31.833842 -13.289250
141.540877 31.951845 -21.866060
>
141.421507 32.568624 -21.741876
141.239492 32.336265 -29.011668
141.500059 32.264659 -21.289768
141.421507 32.568624 -21.741876
>
140.446900 31.598148 -79.710391
140.647496 31.846842 -61.821006
140.374696 32.003187 -79.953912
140.446900 31.598148 -79.710391
>
141.862826 31.133333 -15.768532
141.904504 30.807648 -16.309300
142.235935 30.942721 -9.138687
141.862826 31.133333 -15.768532
>
141.325033 34.701129 -17.740104
141.138391 34.435603 -22.854407
141.457797 34.334695 -15.392970
141.325033 34.701129 -17.740104
>
140.167576 35.820479 -63.058010
140.438076 35.908567 -52.770802
140.221755 36.164690 -64.310707
140.167576 35.820479 -63.058010
>
141.010979 32.551007 -36.304844
141.017287 32.222823 -38.482191
141.239492 32.336265 -29.011668
141.010979 32.551007 -36.304844
>
141.239492 32.336265 -29.011668
141.017287 32.222823 -38.482191
141.247040 32.073784 -30.431917
141.239492 32.336265 -29.011668
>
141.138391 34.435603 -22.854407
140.987475 34.687909 -28.017012
140.768004 34.377225 -35.521535
141.138391 34.435603 -22.854407
>
141.325033 34.701129 -17.740104
140.987475 34.687909 -28.017012
141.138391 34.435603 -22.854407
141.325033 34.701129 -17.740104
