>
142.340000 35.400000 -6.861820
142.111923 36.000617 -14.503126
141.895275 35.710816 -15.408253
142.340000 35.400000 -6.861820
>
143.784724 39.925446 -12.245455
143.164041 39.756927 -17.411320
143.702044 39.416131 -12.791440
143.784724 39.925446 -12.245455
>
148.888073 44.473329 -38.386179
149.387088 43.737738 -10.945186
149.624086 44.447610 -24.068886
148.888073 44.473329 -38.386179
>
143.164041 39.756927 -17.411320
143.784724 39.925446 -12.245455
143.431464 40.218028 -16.151938
143.164041 39.756927 -17.411320
>
143.164041 39.756927 -17.411320
143.001502 40.375090 -19.959904
142.607204 40.084906 -26.648448
143.164041 39.756927 -17.411320
>
149.387088 43.737738 -10.945186
148.888073 44.473329 -38.386179
148.628768 43.906017 -22.111069
149.387088 43.737738 -10.945186
>
145.370784 42.297096 -16.821348
144.886195 42.744092 -46.890200
144.719957 42.286395 -27.445838
145.370784 42.297096 -16.821348
>
142.340000 35.400000 -6.861820
142.539427 35.926512 -7.659354
142.111923 36.000617 -14.503126
142.340000 35.400000 -6.861820
>
144.886195 42.744092 -46.890200
145.370784 42.297096 -16.821348
145.434870 42.929927 -46.878433
144.886195 42.744092 -46.890200
>
143.745010 42.444835 -47.594344
144.241233 42.025848 -24.017603
144.328581 42.599422 -47.416925
143.745010 42.444835 -47.594344
>
142.338988 42.209254 -63.070273
142.092482 41.834073 -59.450860
142.584774 41.917347 -46.270802
142.338988 42.209254 -63.070273
>
142.584774 41.917347 -46.270802
142.899982 41.545752 -30.785899
143.022349 42.037429 -41.410816
142.584774 41.917347 -46.270802
>
142.997352 37.882194 -16.634993
143.417991 37.657890 -10.055377
143.485263 38.192554 -12.011167
142.997352 37.882194 -16.634993
>
144.241233 42.025848 -24.017603
143.745010 42.444835 -47.594344
143.723160 41.989978 -30.077473
144.241233 42.025848 -24.017603
>
141.171128 39.675030 -81.283739
141.597593 39.345010 -60.741847
141.743962 39.922138 -56.078557
141.171128 39.675030 -81.283739
>
143.886101 40.462501 -12.463633
143.433258 40.712928 -17.153696
143.431464 40.218028 -16.151938
143.886101 40.462501 -12.463633
>
142.899982 41.545752 -30.785899
143.382831 41.759616 -28.322992
143.022349 42.037429 -41.410816
142.899982 41.545752 -30.785899
>
143.106284 38.474605 -17.597589
142.997352 37.882194 -16.634993
143.485263 38.192554 -12.011167
143.106284 38.474605 -17.597589
>
143.001502 40.375090 -19.959904
143.164041 39.756927 -17.411320
143.431464 40.218028 -16.151938
143.001502 40.375090 -19.959904
>
142.421827 42.584374 -79.841843
141.881753 42.388678 -82.623690
142.338988 42.209254 -63.070273
142.421827 42.584374 -79.841843
>
144.241233 42.025848 -24.017603
144.390546 41.401792 -13.421840
144.911957 41.823866 -13.203023
144.241233 42.025848 -24.017603
>
140.901091 38.200789 -80.101982
140.645266 37.652841 -81.307378
141.233836 37.850376 -60.103634
140.901091 38.200789 -80.101982
>
142.120000 34.830000 -8.370060
142.340000 35.400000 -6.861820
141.877387 35.073532 -10.174557
142.120000 34.830000 -8.370060
>
141.830110 38.501727 -47.192147
142.290343 38.642691 -35.143782
141.957633 38.986387 -45.539846
141.830110 38.501727 -47.192147
>
144.390546 41.401792 -13.421840
144.982390 41.171590 -6.710455
144.911957 41.823866 -13.203023
144.390546 41.401792 -13.421840
>
142.870000 36.320000 -7.330340
142.797920 36.939274 -12.526919
142.496888 36.668243 -15.046785
142.870000 36.320000 -7.330340
>
142.425805 39.115204 -32.299859
142.088530 39.472916 -42.111704
141.957633 38.986387 -45.539846
142.425805 39.115204 -32.299859
>
140.645266 37.652841 -81.307378
140.332654 37.095755 -80.473874
140.741335 37.167385 -65.259877
140.645266 37.652841 -81.307378
>
142.584774 41.917347 -46.270802
142.092482 41.834073 -59.450860
142.440736 41.555779 -40.963372
142.584774 41.917347 -46.270802
>
142.569983 39.589142 -28.040615
143.164041 39.756927 -17.411320
142.607204 40.084906 -26.648448
142.569983 39.589142 -28.040615
>
147.531242 44.535616 -79.771890
146.979186 44.276845 -81.267782
147.537595 43.956785 -43.487757
147.531242 44.535616 -79.771890
>
141.242191 40.249071 -80.740362
141.171128 39.675030 -81.283739
141.743962 39.922138 -56.078557
141.242191 40.249071 -80.740362
>
143.784724 39.925446 -12.245455
143.886101 40.462501 -12.463633
143.431464 40.218028 -16.151938
143.784724 39.925446 -12.245455
>
142.425805 39.115204 -32.299859
142.569983 39.589142 -28.040615
142.088530 39.472916 -42.111704
142.425805 39.115204 -32.299859
>
146.115016 42.027286 -9.685775
146.779507 42.400754 -10.866605
145.970548 42.612556 -19.843756
146.115016 42.027286 -9.685775
>
142.650497 37.410677 -18.400976
143.123943 37.331568 -11.429539
142.997352 37.882194 -16.634993
142.650497 37.410677 -18.400976
>
143.745010 42.444835 -47.594344
143.153762 42.467541 -58.073668
143.405422 42.139880 -39.282036
143.745010 42.444835 -47.594344
>
141.512228 41.958148 -81.152596
141.355890 41.331921 -80.477963
141.774134 41.493581 -64.668103
141.512228 41.958148 -81.152596
>
143.745010 42.444835 -47.594344
143.408445 42.853603 -80.232048
143.153762 42.467541 -58.073668
143.745010 42.444835 -47.594344
>
146.979186 44.276845 -81.267782
147.000170 43.712821 -45.420128
147.537595 43.956785 -43.487757
146.979186 44.276845 -81.267782
>
141.233836 37.850376 -60.103634
140.645266 37.652841 -81.307378
141.124022 37.370325 -54.963593
141.233836 37.850376 -60.103634
>
141.491487 38.829545 -61.969074
141.830110 38.501727 -47.192147
141.957633 38.986387 -45.539846
141.491487 38.829545 -61.969074
>
142.340000 35.400000 -6.861820
141.752814 35.396317 -14.881826
141.877387 35.073532 -10.174557
142.340000 35.400000 -6.861820
>
143.702044 39.416131 -12.791440
143.164041 39.756927 -17.411320
143.311817 39.223016 -16.251614
143.702044 39.416131 -12.791440
>
143.106284 38.474605 -17.597589
143.589949 38.810635 -13.085125
143.162399 38.892743 -17.487414
143.106284 38.474605 -17.597589
>
144.911957 41.823866 -13.203023
145.370784 42.297096 -16.821348
144.719957 42.286395 -27.445838
144.911957 41.823866 -13.203023
>
143.589949 38.810635 -13.085125
143.106284 38.474605 -17.597589
143.485263 38.192554 -12.011167
143.589949 38.810635 -13.085125
>
146.521098 44.028856 -80.946592
145.969043 43.716174 -80.083797
146.476130 43.462647 -48.059024
146.521098 44.028856 -80.946592
>
148.189010 44.869863 -81.429090
147.531242 44.535616 -79.771890
148.146221 44.233219 -42.832737
148.189010 44.869863 -81.429090
>
146.779507 42.400754 -10.866605
146.432250 42.965544 -26.869453
145.970548 42.612556 -19.843756
146.779507 42.400754 -10.866605
>
142.170478 37.451600 -26.111364
141.657925 37.523816 -40.809867
141.907232 37.086774 -27.067819
142.170478 37.451600 -26.111364
>
141.743962 39.922138 -56.078557
141.597593 39.345010 -60.741847
142.088530 39.472916 -42.111704
141.743962 39.922138 -56.078557
>
143.589949 38.810635 -13.085125
144.140604 38.981194 -7.446384
143.702044 39.416131 -12.791440
143.589949 38.810635 -13.085125
>
142.111923 36.000617 -14.503126
142.341904 36.331595 -13.983798
141.914759 36.369009 -19.909069
142.111923 36.000617 -14.503126
>
150.455961 44.902209 -26.256190
150.150569 45.408970 -57.367511
149.942038 44.924271 -36.918523
150.455961 44.902209 -26.256190
>
141.881753 42.388678 -82.623690
142.092482 41.834073 -59.450860
142.338988 42.209254 -63.070273
141.881753 42.388678 -82.623690
>
144.982390 41.171590 -6.710455
145.569683 41.602876 -7.658913
144.911957 41.823866 -13.203023
144.982390 41.171590 -6.710455
>
142.762927 42.714838 -81.909959
142.714104 42.321797 -59.178240
143.153762 42.467541 -58.073668
142.762927 42.714838 -81.909959
>
141.881753 42.388678 -82.623690
141.512228 41.958148 -81.152596
142.092482 41.834073 -59.450860
141.881753 42.388678 -82.623690
>
142.650497 37.410677 -18.400976
142.997352 37.882194 -16.634993
142.434720 37.838015 -25.339558
142.650497 37.410677 -18.400976
>
143.404770 41.264950 -20.511789
143.841302 41.579710 -19.221216
143.382831 41.759616 -28.322992
143.404770 41.264950 -20.511789
>
144.140604 38.981194 -7.446384
144.250000 39.580000 -7.432840
143.702044 39.416131 -12.791440
144.140604 38.981194 -7.446384
>
142.440736 41.555779 -40.963372
142.092482 41.834073 -59.450860
142.114761 41.315721 -48.961961
142.440736 41.555779 -40.963372
>
149.504546 45.462880 -80.510207
148.811541 45.160980 -81.686461
149.429800 44.957875 -50.771180
149.504546 45.462880 -80.510207
>
141.752814 35.396317 -14.881826
142.340000 35.400000 -6.861820
141.895275 35.710816 -15.408253
141.752814 35.396317 -14.881826
>
142.290343 38.642691 -35.143782
142.425805 39.115204 -32.299859
141.957633 38.986387 -45.539846
142.290343 38.642691 -35.143782
>
144.461120 40.773660 -7.820903
144.982390 41.171590 -6.710455
144.390546 41.401792 -13.421840
144.461120 40.773660 -7.820903
>
147.537595 43.956785 -43.487757
147.000170 43.712821 -45.420128
147.527475 43.380843 -22.717515
147.537595 43.956785 -43.487757
>
142.539427 35.926512 -7.659354
142.341904 36.331595 -13.983798
142.111923 36.000617 -14.503126
142.539427 35.926512 -7.659354
>
144.461120 40.773660 -7.820903
144.390546 41.401792 -13.421840
143.905273 41.036077 -15.150518
144.461120 40.773660 -7.820903
>
141.597593 39.345010 -60.741847
141.128491 39.153175 -79.950009
141.491487 38.829545 -61.969074
141.597593 39.345010 -60.741847
>
140.587578 36.749751 -60.811172
141.016673 36.965507 -50.219482
140.741335 37.167385 -65.259877
140.587578 36.749751 -60.811172
>
149.387088 43.737738 -10.945186
150.115045 44.080193 -10.527851
149.624086 44.447610 -24.068886
149.387088 43.737738 -10.945186
>
148.888073 44.473329 -38.386179
149.624086 44.447610 -24.068886
149.429800 44.957875 -50.771180
148.888073 44.473329 -38.386179
>
146.779507 42.400754 -10.866605
147.449021 42.745782 -11.548450
146.973361 43.157493 -24.366976
146.779507 42.400754 -10.866605
>
142.092482 41.834073 -59.450860
141.774134 41.493581 -64.668103
142.114761 41.315721 -48.961961
142.092482 41.834073 -59.450860
>
144.250000 39.580000 -7.432840
144.360000 40.200000 -7.432900
143.784724 39.925446 -12.245455
144.250000 39.580000 -7.432840
>
143.404770 41.264950 -20.511789
143.382831 41.759616 -28.322992
142.899982 41.545752 -30.785899
143.404770 41.264950 -20.511789
>
141.657925 37.523816 -40.809867
142.170478 37.451600 -26.111364
142.016305 37.805162 -35.443274
141.657925 37.523816 -40.809867
>
149.997872 45.700087 -80.684550
149.504546 45.462880 -80.510207
149.814464 45.279017 -59.232789
149.997872 45.700087 -80.684550
>
145.569683 41.602876 -7.658913
145.370784 42.297096 -16.821348
144.911957 41.823866 -13.203023
145.569683 41.602876 -7.658913
>
141.597593 39.345010 -60.741847
141.491487 38.829545 -61.969074
141.957633 38.986387 -45.539846
141.597593 39.345010 -60.741847
>
144.453827 43.101592 -80.119762
143.925263 42.993771 -82.181108
144.328581 42.599422 -47.416925
144.453827 43.101592 -80.119762
>
140.332654 37.095755 -80.473874
140.587578 36.749751 -60.811172
140.741335 37.167385 -65.259877
140.332654 37.095755 -80.473874
>
142.539427 35.926512 -7.659354
142.870000 36.320000 -7.330340
142.341904 36.331595 -13.983798
142.539427 35.926512 -7.659354
>
143.905273 41.036077 -15.150518
143.841302 41.579710 -19.221216
143.404770 41.264950 -20.511789
143.905273 41.036077 -15.150518
>
145.569683 41.602876 -7.658913
146.115016 42.027286 -9.685775
145.370784 42.297096 -16.821348
145.569683 41.602876 -7.658913
>
150.150569 45.408970 -57.367511
149.997872 45.700087 -80.684550
149.814464 45.279017 -59.232789
150.150569 45.408970 -57.367511
>
143.905273 41.036077 -15.150518
144.390546 41.401792 -13.421840
143.841302 41.579710 -19.221216
143.905273 41.036077 -15.150518
>
143.925263 42.993771 -82.181108
143.745010 42.444835 -47.594344
144.328581 42.599422 -47.416925
143.925263 42.993771 -82.181108
>
145.434870 42.929927 -46.878433
145.370784 42.297096 -16.821348
145.970548 42.612556 -19.843756
145.434870 42.929927 -46.878433
>
141.914759 36.369009 -19.909069
142.341904 36.331595 -13.983798
142.118426 36.705190 -20.003749
141.914759 36.369009 -19.909069
>
142.092482 41.834073 -59.450860
141.512228 41.958148 -81.152596
141.774134 41.493581 -64.668103
142.092482 41.834073 -59.450860
>
143.609750 37.250333 -7.478983
143.810000 37.870000 -7.972540
143.417991 37.657890 -10.055377
143.609750 37.250333 -7.478983
>
141.707425 40.515612 -59.668997
141.242191 40.249071 -80.740362
141.743962 39.922138 -56.078557
141.707425 40.515612 -59.668997
>
142.899982 41.545752 -30.785899
142.584774 41.917347 -46.270802
142.440736 41.555779 -40.963372
142.899982 41.545752 -30.785899
>
142.088530 39.472916 -42.111704
141.597593 39.345010 -60.741847
141.957633 38.986387 -45.539846
142.088530 39.472916 -42.111704
>
141.365768 38.347988 -62.063505
141.830110 38.501727 -47.192147
141.491487 38.829545 -61.969074
141.365768 38.347988 -62.063505
>
141.709083 38.035034 -46.754822
141.233836 37.850376 -60.103634
141.657925 37.523816 -40.809867
141.709083 38.035034 -46.754822
>
145.969043 43.716174 -80.083797
145.961705 43.194271 -48.570418
146.476130 43.462647 -48.059024
145.969043 43.716174 -80.083797
>
145.487462 43.478967 -80.174895
144.947153 43.263324 -80.501824
145.434870 42.929927 -46.878433
145.487462 43.478967 -80.174895
>
142.797920 36.939274 -12.526919
142.650497 37.410677 -18.400976
142.356191 37.045156 -19.648724
142.797920 36.939274 -12.526919
>
141.313253 40.823112 -79.957568
141.242191 40.249071 -80.740362
141.707425 40.515612 -59.668997
141.313253 40.823112 -79.957568
>
141.029003 38.670459 -80.313505
141.365768 38.347988 -62.063505
141.491487 38.829545 -61.969074
141.029003 38.670459 -80.313505
>
147.000170 43.712821 -45.420128
146.973361 43.157493 -24.366976
147.527475 43.380843 -22.717515
147.000170 43.712821 -45.420128
>
148.729320 43.381928 -10.917117
149.387088 43.737738 -10.945186
148.628768 43.906017 -22.111069
148.729320 43.381928 -10.917117
>
142.356191 37.045156 -19.648724
142.650497 37.410677 -18.400976
142.170478 37.451600 -26.111364
142.356191 37.045156 -19.648724
>
146.779507 42.400754 -10.866605
146.973361 43.157493 -24.366976
146.432250 42.965544 -26.869453
146.779507 42.400754 -10.866605
>
142.607204 40.084906 -26.648448
142.546928 40.608673 -29.136108
142.161983 40.305880 -40.094842
142.607204 40.084906 -26.648448
>
148.146221 44.233219 -42.832737
147.531242 44.535616 -79.771890
147.537595 43.956785 -43.487757
148.146221 44.233219 -42.832737
>
143.290000 36.860000 -7.986980
143.123943 37.331568 -11.429539
142.797920 36.939274 -12.526919
143.290000 36.860000 -7.986980
>
143.841302 41.579710 -19.221216
144.390546 41.401792 -13.421840
144.241233 42.025848 -24.017603
143.841302 41.579710 -19.221216
>
142.965975 40.955614 -23.623067
142.899982 41.545752 -30.785899
142.515975 41.132861 -34.289049
142.965975 40.955614 -23.623067
>
141.171128 39.675030 -81.283739
141.128491 39.153175 -79.950009
141.597593 39.345010 -60.741847
141.171128 39.675030 -81.283739
>
142.797920 36.939274 -12.526919
143.123943 37.331568 -11.429539
142.650497 37.410677 -18.400976
142.797920 36.939274 -12.526919
>
140.961997 36.099738 -37.935396
141.153190 35.753733 -29.177132
141.329003 36.081070 -28.058627
140.961997 36.099738 -37.935396
>
142.341904 36.331595 -13.983798
142.870000 36.320000 -7.330340
142.496888 36.668243 -15.046785
142.341904 36.331595 -13.983798
>
142.965975 40.955614 -23.623067
142.515975 41.132861 -34.289049
142.546928 40.608673 -29.136108
142.965975 40.955614 -23.623067
>
141.355890 41.331921 -80.477963
141.313253 40.823112 -79.957568
141.732155 41.049262 -62.289418
141.355890 41.331921 -80.477963
>
141.449100 37.062025 -38.726144
141.124022 37.370325 -54.963593
141.016673 36.965507 -50.219482
141.449100 37.062025 -38.726144
>
141.365768 38.347988 -62.063505
140.901091 38.200789 -80.101982
141.233836 37.850376 -60.103634
141.365768 38.347988 -62.063505
>
149.624086 44.447610 -24.068886
149.942038 44.924271 -36.918523
149.429800 44.957875 -50.771180
149.624086 44.447610 -24.068886
>
148.189010 44.869863 -81.429090
148.146221 44.233219 -42.832737
148.888073 44.473329 -38.386179
148.189010 44.869863 -81.429090
>
145.961705 43.194271 -48.570418
145.434870 42.929927 -46.878433
145.970548 42.612556 -19.843756
145.961705 43.194271 -48.570418
>
141.153190 35.753733 -29.177132
141.531465 35.733376 -19.989662
141.329003 36.081070 -28.058627
141.153190 35.753733 -29.177132
>
141.657925 37.523816 -40.809867
141.124022 37.370325 -54.963593
141.449100 37.062025 -38.726144
141.657925 37.523816 -40.809867
>
143.990000 38.460000 -7.733000
144.140604 38.981194 -7.446384
143.589949 38.810635 -13.085125
143.990000 38.460000 -7.733000
>
141.657925 37.523816 -40.809867
141.449100 37.062025 -38.726144
141.907232 37.086774 -27.067819
141.657925 37.523816 -40.809867
>
143.433258 40.712928 -17.153696
143.001502 40.375090 -19.959904
143.431464 40.218028 -16.151938
143.433258 40.712928 -17.153696
>
141.657925 37.523816 -40.809867
141.233836 37.850376 -60.103634
141.124022 37.370325 -54.963593
141.657925 37.523816 -40.809867
>
143.001502 40.375090 -19.959904
142.546928 40.608673 -29.136108
142.607204 40.084906 -26.648448
143.001502 40.375090 -19.959904
>
143.290000 36.860000 -7.986980
143.609750 37.250333 -7.478983
143.123943 37.331568 -11.429539
143.290000 36.860000 -7.986980
>
141.365768 38.347988 -62.063505
141.233836 37.850376 -60.103634
141.709083 38.035034 -46.754822
141.365768 38.347988 -62.063505
>
142.546928 40.608673 -29.136108
142.515975 41.132861 -34.289049
142.127470 40.815625 -42.758737
142.546928 40.608673 -29.136108
>
144.250000 39.580000 -7.432840
143.784724 39.925446 -12.245455
143.702044 39.416131 -12.791440
144.250000 39.580000 -7.432840
>
142.118426 36.705190 -20.003749
142.341904 36.331595 -13.983798
142.496888 36.668243 -15.046785
142.118426 36.705190 -20.003749
>
141.029003 38.670459 -80.313505
140.901091 38.200789 -80.101982
141.365768 38.347988 -62.063505
141.029003 38.670459 -80.313505
>
141.128491 39.153175 -79.950009
141.029003 38.670459 -80.313505
141.491487 38.829545 -61.969074
141.128491 39.153175 -79.950009
>
143.404770 41.264950 -20.511789
142.965975 40.955614 -23.623067
143.433258 40.712928 -17.153696
143.404770 41.264950 -20.511789
>
142.965975 40.955614 -23.623067
143.001502 40.375090 -19.959904
143.433258 40.712928 -17.153696
142.965975 40.955614 -23.623067
>
148.811541 45.160980 -81.686461
148.189010 44.869863 -81.429090
148.888073 44.473329 -38.386179
148.811541 45.160980 -81.686461
>
148.811541 45.160980 -81.686461
148.888073 44.473329 -38.386179
149.429800 44.957875 -50.771180
148.811541 45.160980 -81.686461
>
143.925263 42.993771 -82.181108
143.408445 42.853603 -80.232048
143.745010 42.444835 -47.594344
143.925263 42.993771 -82.181108
>
143.404770 41.264950 -20.511789
142.899982 41.545752 -30.785899
142.965975 40.955614 -23.623067
143.404770 41.264950 -20.511789
>
142.290343 38.642691 -35.143782
142.750859 38.774787 -24.249847
142.425805 39.115204 -32.299859
142.290343 38.642691 -35.143782
>
142.425805 39.115204 -32.299859
142.897484 39.225303 -21.362317
142.569983 39.589142 -28.040615
142.425805 39.115204 -32.299859
>
143.905273 41.036077 -15.150518
143.404770 41.264950 -20.511789
143.433258 40.712928 -17.153696
143.905273 41.036077 -15.150518
>
142.965975 40.955614 -23.623067
142.546928 40.608673 -29.136108
143.001502 40.375090 -19.959904
142.965975 40.955614 -23.623067
>
141.830110 38.501727 -47.192147
141.709083 38.035034 -46.754822
142.154808 38.179871 -35.849360
141.830110 38.501727 -47.192147
>
149.942038 44.924271 -36.918523
149.624086 44.447610 -24.068886
150.177347 44.549946 -19.336082
149.942038 44.924271 -36.918523
>
144.947153 43.263324 -80.501824
144.886195 42.744092 -46.890200
145.434870 42.929927 -46.878433
144.947153 43.263324 -80.501824
>
141.365768 38.347988 -62.063505
141.709083 38.035034 -46.754822
141.830110 38.501727 -47.192147
141.365768 38.347988 -62.063505
>
142.569983 39.589142 -28.040615
142.897484 39.225303 -21.362317
143.164041 39.756927 -17.411320
142.569983 39.589142 -28.040615
>
141.830110 38.501727 -47.192147
142.154808 38.179871 -35.849360
142.290343 38.642691 -35.143782
141.830110 38.501727 -47.192147
>
143.841302 41.579710 -19.221216
144.241233 42.025848 -24.017603
143.723160 41.989978 -30.077473
143.841302 41.579710 -19.221216
>
142.425805 39.115204 -32.299859
142.750859 38.774787 -24.249847
142.897484 39.225303 -21.362317
142.425805 39.115204 -32.299859
>
142.290343 38.642691 -35.143782
142.622841 38.298173 -25.218797
142.750859 38.774787 -24.249847
142.290343 38.642691 -35.143782
>
142.290343 38.642691 -35.143782
142.154808 38.179871 -35.849360
142.622841 38.298173 -25.218797
142.290343 38.642691 -35.143782
>
142.127470 40.815625 -42.758737
142.515975 41.132861 -34.289049
142.114761 41.315721 -48.961961
142.127470 40.815625 -42.758737
>
144.461120 40.773660 -7.820903
143.905273 41.036077 -15.150518
143.886101 40.462501 -12.463633
144.461120 40.773660 -7.820903
>
142.161983 40.305880 -40.094842
142.546928 40.608673 -29.136108
142.127470 40.815625 -42.758737
142.161983 40.305880 -40.094842
>
143.106284 38.474605 -17.597589
142.622841 38.298173 -25.218797
142.997352 37.882194 -16.634993
143.106284 38.474605 -17.597589
>
146.476130 43.462647 -48.059024
145.961705 43.194271 -48.570418
146.432250 42.965544 -26.869453
146.476130 43.462647 -48.059024
>
141.732155 41.049262 -62.289418
141.313253 40.823112 -79.957568
141.707425 40.515612 -59.668997
141.732155 41.049262 -62.289418
>
143.990000 38.460000 -7.733000
143.589949 38.810635 -13.085125
143.485263 38.192554 -12.011167
143.990000 38.460000 -7.733000
>
142.750859 38.774787 -24.249847
142.622841 38.298173 -25.218797
143.106284 38.474605 -17.597589
142.750859 38.774787 -24.249847
>
141.344383 35.407729 -21.038703
141.535575 35.037010 -15.840839
141.752814 35.396317 -14.881826
141.344383 35.407729 -21.038703
>
142.515975 41.132861 -34.289049
142.899982 41.545752 -30.785899
142.440736 41.555779 -40.963372
142.515975 41.132861 -34.289049
>
145.961705 43.194271 -48.570418
145.487462 43.478967 -80.174895
145.434870 42.929927 -46.878433
145.961705 43.194271 -48.570418
>
142.762927 42.714838 -81.909959
142.421827 42.584374 -79.841843
142.714104 42.321797 -59.178240
142.762927 42.714838 -81.909959
>
143.417991 37.657890 -10.055377
143.810000 37.870000 -7.972540
143.485263 38.192554 -12.011167
143.417991 37.657890 -10.055377
>
141.153190 35.753733 -29.177132
141.344383 35.407729 -21.038703
141.531465 35.733376 -19.989662
141.153190 35.753733 -29.177132
>
141.016673 36.965507 -50.219482
140.587578 36.749751 -60.811172
140.963541 36.636087 -45.690062
141.016673 36.965507 -50.219482
>
140.778771 36.387270 -47.398927
140.961997 36.099738 -37.935396
141.139514 36.382539 -36.610336
140.778771 36.387270 -47.398927
>
149.429800 44.957875 -50.771180
149.942038 44.924271 -36.918523
149.814464 45.279017 -59.232789
149.429800 44.957875 -50.771180
>
143.784724 39.925446 -12.245455
144.360000 40.200000 -7.432900
143.886101 40.462501 -12.463633
143.784724 39.925446 -12.245455
>
144.947153 43.263324 -80.501824
144.453827 43.101592 -80.119762
144.886195 42.744092 -46.890200
144.947153 43.263324 -80.501824
>
144.886195 42.744092 -46.890200
144.453827 43.101592 -80.119762
144.328581 42.599422 -47.416925
144.886195 42.744092 -46.890200
>
142.170478 37.451600 -26.111364
142.650497 37.410677 -18.400976
142.434720 37.838015 -25.339558
142.170478 37.451600 -26.111364
>
141.329003 36.081070 -28.058627
141.531465 35.733376 -19.989662
141.714123 36.050591 -19.911811
141.329003 36.081070 -28.058627
>
148.095585 43.084267 -11.590511
148.729320 43.381928 -10.917117
148.110827 43.657176 -22.352417
148.095585 43.084267 -11.590511
>
144.241233 42.025848 -24.017603
144.911957 41.823866 -13.203023
144.719957 42.286395 -27.445838
144.241233 42.025848 -24.017603
>
142.111923 36.000617 -14.503126
141.914759 36.369009 -19.909069
141.714123 36.050591 -19.911811
142.111923 36.000617 -14.503126
>
144.360000 40.200000 -7.432900
144.461120 40.773660 -7.820903
143.886101 40.462501 -12.463633
144.360000 40.200000 -7.432900
>
141.535575 35.037010 -15.840839
141.718802 34.649814 -11.722479
141.877387 35.073532 -10.174557
141.535575 35.037010 -15.840839
>
140.587578 36.749751 -60.811172
140.778771 36.387270 -47.398927
140.963541 36.636087 -45.690062
140.587578 36.749751 -60.811172
>
141.709083 38.035034 -46.754822
141.657925 37.523816 -40.809867
142.016305 37.805162 -35.443274
141.709083 38.035034 -46.754822
>
146.979186 44.276845 -81.267782
146.521098 44.028856 -80.946592
147.000170 43.712821 -45.420128
146.979186 44.276845 -81.267782
>
145.969043 43.716174 -80.083797
145.487462 43.478967 -80.174895
145.961705 43.194271 -48.570418
145.969043 43.716174 -80.083797
>
141.718802 34.649814 -11.722479
142.120000 34.830000 -8.370060
141.877387 35.073532 -10.174557
141.718802 34.649814 -11.722479
>
142.997352 37.882194 -16.634993
142.622841 38.298173 -25.218797
142.434720 37.838015 -25.339558
142.997352 37.882194 -16.634993
>
142.170478 37.451600 -26.111364
142.434720 37.838015 -25.339558
142.016305 37.805162 -35.443274
142.170478 37.451600 -26.111364
>
150.115045 44.080193 -10.527851
150.749607 44.395449 -11.058540
150.177347 44.549946 -19.336082
150.115045 44.080193 -10.527851
>
144.328581 42.599422 -47.416925
144.241233 42.025848 -24.017603
144.719957 42.286395 -27.445838
144.328581 42.599422 -47.416925
>
145.370784 42.297096 -16.821348
146.115016 42.027286 -9.685775
145.970548 42.612556 -19.843756
145.370784 42.297096 -16.821348
>
142.356191 37.045156 -19.648724
142.170478 37.451600 -26.111364
141.907232 37.086774 -27.067819
142.356191 37.045156 -19.648724
>
141.707425 40.515612 -59.668997
141.743962 39.922138 -56.078557
142.161983 40.305880 -40.094842
141.707425 40.515612 -59.668997
>
141.355890 41.331921 -80.477963
141.732155 41.049262 -62.289418
141.774134 41.493581 -64.668103
141.355890 41.331921 -80.477963
>
147.000170 43.712821 -45.420128
146.521098 44.028856 -80.946592
146.476130 43.462647 -48.059024
147.000170 43.712821 -45.420128
>
142.714104 42.321797 -59.178240
142.421827 42.584374 -79.841843
142.338988 42.209254 -63.070273
142.714104 42.321797 -59.178240
>
141.139514 36.382539 -36.610336
141.329003 36.081070 -28.058627
141.508603 36.395699 -27.345354
141.139514 36.382539 -36.610336
>
141.139514 36.382539 -36.610336
140.961997 36.099738 -37.935396
141.329003 36.081070 -28.058627
141.139514 36.382539 -36.610336
>
141.531465 35.733376 -19.989662
141.344383 35.407729 -21.038703
141.752814 35.396317 -14.881826
141.531465 35.733376 -19.989662
>
141.914759 36.369009 -19.909069
141.508603 36.395699 -27.345354
141.714123 36.050591 -19.911811
141.914759 36.369009 -19.909069
>
148.110827 43.657176 -22.352417
148.729320 43.381928 -10.917117
148.628768 43.906017 -22.111069
148.110827 43.657176 -22.352417
>
141.714123 36.050591 -19.911811
141.531465 35.733376 -19.989662
141.895275 35.710816 -15.408253
141.714123 36.050591 -19.911811
>
149.504546 45.462880 -80.510207
149.429800 44.957875 -50.771180
149.814464 45.279017 -59.232789
149.504546 45.462880 -80.510207
>
142.750859 38.774787 -24.249847
143.106284 38.474605 -17.597589
143.162399 38.892743 -17.487414
142.750859 38.774787 -24.249847
>
149.624086 44.447610 -24.068886
150.115045 44.080193 -10.527851
150.177347 44.549946 -19.336082
149.624086 44.447610 -24.068886
>
141.449100 37.062025 -38.726144
141.016673 36.965507 -50.219482
141.295168 36.695369 -36.914156
141.449100 37.062025 -38.726144
>
141.743962 39.922138 -56.078557
142.088530 39.472916 -42.111704
142.236203 39.879615 -37.188046
141.743962 39.922138 -56.078557
>
143.810000 37.870000 -7.972540
143.990000 38.460000 -7.733000
143.485263 38.192554 -12.011167
143.810000 37.870000 -7.972540
>
143.905273 41.036077 -15.150518
143.433258 40.712928 -17.153696
143.886101 40.462501 -12.463633
143.905273 41.036077 -15.150518
>
147.000170 43.712821 -45.420128
146.476130 43.462647 -48.059024
146.973361 43.157493 -24.366976
147.000170 43.712821 -45.420128
>
143.382831 41.759616 -28.322992
143.841302 41.579710 -19.221216
143.723160 41.989978 -30.077473
143.382831 41.759616 -28.322992
>
142.714104 42.321797 -59.178240
142.338988 42.209254 -63.070273
142.584774 41.917347 -46.270802
142.714104 42.321797 -59.178240
>
147.449021 42.745782 -11.548450
148.095585 43.084267 -11.590511
147.527475 43.380843 -22.717515
147.449021 42.745782 -11.548450
>
141.016673 36.965507 -50.219482
141.124022 37.370325 -54.963593
140.741335 37.167385 -65.259877
141.016673 36.965507 -50.219482
>
146.973361 43.157493 -24.366976
146.476130 43.462647 -48.059024
146.432250 42.965544 -26.869453
146.973361 43.157493 -24.366976
>
143.153762 42.467541 -58.073668
142.714104 42.321797 -59.178240
143.022349 42.037429 -41.410816
143.153762 42.467541 -58.073668
>
143.164041 39.756927 -17.411320
142.897484 39.225303 -21.362317
143.311817 39.223016 -16.251614
143.164041 39.756927 -17.411320
>
141.508603 36.395699 -27.345354
141.329003 36.081070 -28.058627
141.714123 36.050591 -19.911811
141.508603 36.395699 -27.345354
>
150.749607 44.395449 -11.058540
150.455961 44.902209 -26.256190
150.177347 44.549946 -19.336082
150.749607 44.395449 -11.058540
>
143.589949 38.810635 -13.085125
143.702044 39.416131 -12.791440
143.311817 39.223016 -16.251614
143.589949 38.810635 -13.085125
>
141.124022 37.370325 -54.963593
140.645266 37.652841 -81.307378
140.741335 37.167385 -65.259877
141.124022 37.370325 -54.963593
>
141.139514 36.382539 -36.610336
141.508603 36.395699 -27.345354
141.295168 36.695369 -36.914156
141.139514 36.382539 -36.610336
>
146.432250 42.965544 -26.869453
145.961705 43.194271 -48.570418
145.970548 42.612556 -19.843756
146.432250 42.965544 -26.869453
>
148.888073 44.473329 -38.386179
148.146221 44.233219 -42.832737
148.628768 43.906017 -22.111069
148.888073 44.473329 -38.386179
>
142.997352 37.882194 -16.634993
143.123943 37.331568 -11.429539
143.417991 37.657890 -10.055377
142.997352 37.882194 -16.634993
>
142.622841 38.298173 -25.218797
142.154808 38.179871 -35.849360
142.434720 37.838015 -25.339558
142.622841 38.298173 -25.218797
>
142.161983 40.305880 -40.094842
141.743962 39.922138 -56.078557
142.236203 39.879615 -37.188046
142.161983 40.305880 -40.094842
>
142.356191 37.045156 -19.648724
142.118426 36.705190 -20.003749
142.496888 36.668243 -15.046785
142.356191 37.045156 -19.648724
>
142.111923 36.000617 -14.503126
141.714123 36.050591 -19.911811
141.895275 35.710816 -15.408253
142.111923 36.000617 -14.503126
>
141.907232 37.086774 -27.067819
141.449100 37.062025 -38.726144
141.693579 36.730360 -27.183908
141.907232 37.086774 -27.067819
>
143.123943 37.331568 -11.429539
143.609750 37.250333 -7.478983
143.417991 37.657890 -10.055377
143.123943 37.331568 -11.429539
>
142.569983 39.589142 -28.040615
142.607204 40.084906 -26.648448
142.236203 39.879615 -37.188046
142.569983 39.589142 -28.040615
>
142.434720 37.838015 -25.339558
142.154808 38.179871 -35.849360
142.016305 37.805162 -35.443274
142.434720 37.838015 -25.339558
>
141.732155 41.049262 -62.289418
142.127470 40.815625 -42.758737
142.114761 41.315721 -48.961961
141.732155 41.049262 -62.289418
>
149.942038 44.924271 -36.918523
150.150569 45.408970 -57.367511
149.814464 45.279017 -59.232789
149.942038 44.924271 -36.918523
>
148.146221 44.233219 -42.832737
147.537595 43.956785 -43.487757
148.110827 43.657176 -22.352417
148.146221 44.233219 -42.832737
>
141.508603 36.395699 -27.345354
141.914759 36.369009 -19.909069
141.693579 36.730360 -27.183908
141.508603 36.395699 -27.345354
>
141.732155 41.049262 -62.289418
141.707425 40.515612 -59.668997
142.127470 40.815625 -42.758737
141.732155 41.049262 -62.289418
>
141.707425 40.515612 -59.668997
142.161983 40.305880 -40.094842
142.127470 40.815625 -42.758737
141.707425 40.515612 -59.668997
>
142.797920 36.939274 -12.526919
142.356191 37.045156 -19.648724
142.496888 36.668243 -15.046785
142.797920 36.939274 -12.526919
>
146.973361 43.157493 -24.366976
147.449021 42.745782 -11.548450
147.527475 43.380843 -22.717515
146.973361 43.157493 -24.366976
>
144.886195 42.744092 -46.890200
144.328581 42.599422 -47.416925
144.719957 42.286395 -27.445838
144.886195 42.744092 -46.890200
>
143.723160 41.989978 -30.077473
143.745010 42.444835 -47.594344
143.405422 42.139880 -39.282036
143.723160 41.989978 -30.077473
>
147.537595 43.956785 -43.487757
147.527475 43.380843 -22.717515
148.110827 43.657176 -22.352417
147.537595 43.956785 -43.487757
>
141.295168 36.695369 -36.914156
141.508603 36.395699 -27.345354
141.693579 36.730360 -27.183908
141.295168 36.695369 -36.914156
>
142.088530 39.472916 -42.111704
142.569983 39.589142 -28.040615
142.236203 39.879615 -37.188046
142.088530 39.472916 -42.111704
>
142.714104 42.321797 -59.178240
142.584774 41.917347 -46.270802
143.022349 42.037429 -41.410816
142.714104 42.321797 -59.178240
>
140.778771 36.387270 -47.398927
141.139514 36.382539 -36.610336
140.963541 36.636087 -45.690062
140.778771 36.387270 -47.398927
>
142.897484 39.225303 -21.362317
142.750859 38.774787 -24.249847
143.162399 38.892743 -17.487414
142.897484 39.225303 -21.362317
>
142.154808 38.179871 -35.849360
141.709083 38.035034 -46.754822
142.016305 37.805162 -35.443274
142.154808 38.179871 -35.849360
>
148.146221 44.233219 -42.832737
148.110827 43.657176 -22.352417
148.628768 43.906017 -22.111069
148.146221 44.233219 -42.832737
>
141.449100 37.062025 -38.726144
141.295168 36.695369 -36.914156
141.693579 36.730360 -27.183908
141.449100 37.062025 -38.726144
>
142.515975 41.132861 -34.289049
142.440736 41.555779 -40.963372
142.114761 41.315721 -48.961961
142.515975 41.132861 -34.289049
>
141.139514 36.382539 -36.610336
141.295168 36.695369 -36.914156
140.963541 36.636087 -45.690062
141.139514 36.382539 -36.610336
>
147.527475 43.380843 -22.717515
148.095585 43.084267 -11.590511
148.110827 43.657176 -22.352417
147.527475 43.380843 -22.717515
>
141.752814 35.396317 -14.881826
141.535575 35.037010 -15.840839
141.877387 35.073532 -10.174557
141.752814 35.396317 -14.881826
>
141.907232 37.086774 -27.067819
141.693579 36.730360 -27.183908
142.118426 36.705190 -20.003749
141.907232 37.086774 -27.067819
>
141.774134 41.493581 -64.668103
141.732155 41.049262 -62.289418
142.114761 41.315721 -48.961961
141.774134 41.493581 -64.668103
>
142.356191 37.045156 -19.648724
141.907232 37.086774 -27.067819
142.118426 36.705190 -20.003749
142.356191 37.045156 -19.648724
>
141.531465 35.733376 -19.989662
141.752814 35.396317 -14.881826
141.895275 35.710816 -15.408253
141.531465 35.733376 -19.989662
>
141.693579 36.730360 -27.183908
141.914759 36.369009 -19.909069
142.118426 36.705190 -20.003749
141.693579 36.730360 -27.183908
>
143.022349 42.037429 -41.410816
143.382831 41.759616 -28.322992
143.405422 42.139880 -39.282036
143.022349 42.037429 -41.410816
>
141.295168 36.695369 -36.914156
141.016673 36.965507 -50.219482
140.963541 36.636087 -45.690062
141.295168 36.695369 -36.914156
>
143.162399 38.892743 -17.487414
143.589949 38.810635 -13.085125
143.311817 39.223016 -16.251614
143.162399 38.892743 -17.487414
>
142.607204 40.084906 -26.648448
142.161983 40.305880 -40.094842
142.236203 39.879615 -37.188046
142.607204 40.084906 -26.648448
>
143.382831 41.759616 -28.322992
143.723160 41.989978 -30.077473
143.405422 42.139880 -39.282036
143.382831 41.759616 -28.322992
>
150.455961 44.902209 -26.256190
149.942038 44.924271 -36.918523
150.177347 44.549946 -19.336082
150.455961 44.902209 -26.256190
>
143.153762 42.467541 -58.073668
143.022349 42.037429 -41.410816
143.405422 42.139880 -39.282036
143.153762 42.467541 -58.073668
>
142.897484 39.225303 -21.362317
143.162399 38.892743 -17.487414
143.311817 39.223016 -16.251614
142.897484 39.225303 -21.362317
>
143.408445 42.853603 -80.232048
142.762927 42.714838 -81.909959
143.153762 42.467541 -58.073668
143.408445 42.853603 -80.232048
>
141.883000 34.212700 -9.745119
142.120000 34.830000 -8.370060
141.718802 34.649814 -11.722479
141.883000 34.212700 -9.745119
>
142.870000 36.320000 -7.330340
143.290000 36.860000 -7.986980
142.797920 36.939274 -12.526919
142.870000 36.320000 -7.330340
>
141.153644 34.077060 -22.710380
140.768004 34.377225 -35.521535
140.822050 33.804102 -35.443021
141.153644 34.077060 -22.710380
>
141.421507 32.568624 -21.741876
141.339090 32.920245 -22.089505
141.010979 32.551007 -36.304844
141.421507 32.568624 -21.741876
>
141.010979 32.551007 -36.304844
141.339090 32.920245 -22.089505
140.943484 32.993743 -35.781661
141.010979 32.551007 -36.304844
>
141.235558 31.728307 -32.854357
140.950548 31.940581 -43.584295
140.853642 31.531862 -52.379745
141.235558 31.728307 -32.854357
>
140.853642 31.531862 -52.379745
141.244785 31.334466 -34.542723
141.235558 31.728307 -32.854357
140.853642 31.531862 -52.379745
>
141.050532 35.052991 -27.276786
140.594265 35.235512 -42.736821
140.662575 34.815767 -39.339316
141.050532 35.052991 -27.276786
>
140.904418 35.485884 -33.776574
140.594265 35.235512 -42.736821
141.050532 35.052991 -27.276786
140.904418 35.485884 -33.776574
>
140.822050 33.804102 -35.443021
140.768004 34.377225 -35.521535
140.410263 34.047843 -54.855945
140.822050 33.804102 -35.443021
>
141.651163 33.178740 -13.721941
141.604423 33.561822 -13.820450
141.272628 33.291159 -22.016648
141.651163 33.178740 -13.721941
>
140.950548 31.940581 -43.584295
141.017287 32.222823 -38.482191
140.702266 32.239869 -54.115173
140.950548 31.940581 -43.584295
>
141.244785 31.334466 -34.542723
141.549147 31.606556 -23.101648
141.235558 31.728307 -32.854357
141.244785 31.334466 -34.542723
>
140.332654 37.095755 -80.473874
140.048341 36.622176 -80.542047
140.587578 36.749751 -60.811172
140.332654 37.095755 -80.473874
>
140.702266 32.239869 -54.115173
140.647496 31.846842 -61.821006
140.950548 31.940581 -43.584295
140.702266 32.239869 -54.115173
>
141.272628 33.291159 -22.016648
141.604423 33.561822 -13.820450
141.215593 33.681467 -21.905218
141.272628 33.291159 -22.016648
>
141.651163 33.178740 -13.721941
141.339090 32.920245 -22.089505
141.696643 32.822704 -13.669342
141.651163 33.178740 -13.721941
>
140.931106 31.081583 -52.508515
140.957021 30.726023 -54.926517
141.420777 30.915968 -29.368485
140.931106 31.081583 -52.508515
>
141.420777 30.915968 -29.368485
141.904504 30.807648 -16.309300
141.862826 31.133333 -15.768532
141.420777 30.915968 -29.368485
>
141.573345 31.289801 -23.385798
141.549147 31.606556 -23.101648
141.244785 31.334466 -34.542723
141.573345 31.289801 -23.385798
>
141.244785 31.334466 -34.542723
140.931106 31.081583 -52.508515
141.420777 30.915968 -29.368485
141.244785 31.334466 -34.542723
>
141.272628 33.291159 -22.016648
141.339090 32.920245 -22.089505
141.651163 33.178740 -13.721941
141.272628 33.291159 -22.016648
>
140.702266 32.239869 -54.115173
140.620382 32.699050 -54.407563
140.294471 32.415590 -80.970905
140.702266 32.239869 -54.115173
>
139.849367 36.087275 -80.008281
140.221755 36.164690 -64.310707
140.048341 36.622176 -80.542047
139.849367 36.087275 -80.008281
>
140.620382 32.699050 -54.407563
141.010979 32.551007 -36.304844
140.943484 32.993743 -35.781661
140.620382 32.699050 -54.407563
>
140.410263 34.047843 -54.855945
140.485373 33.557882 -54.503454
140.822050 33.804102 -35.443021
140.410263 34.047843 -54.855945
>
140.702266 32.239869 -54.115173
141.010979 32.551007 -36.304844
140.620382 32.699050 -54.407563
140.702266 32.239869 -54.115173
>
139.792517 35.695883 -80.356047
140.189053 35.430060 -60.610946
140.167576 35.820479 -63.058010
139.792517 35.695883 -80.356047
>
140.904418 35.485884 -33.776574
140.769882 35.829800 -40.690027
140.514062 35.635251 -47.699227
140.904418 35.485884 -33.776574
>
142.034438 32.337184 -10.459629
141.742920 32.484878 -13.460277
141.789905 32.154524 -13.265024
142.034438 32.337184 -10.459629
>
139.820942 35.200120 -80.178106
140.189053 35.430060 -60.610946
139.792517 35.695883 -80.356047
139.820942 35.200120 -80.178106
>
141.862826 31.133333 -15.768532
141.573345 31.289801 -23.385798
141.420777 30.915968 -29.368485
141.862826 31.133333 -15.768532
>
140.077861 33.770629 -79.754804
140.485373 33.557882 -54.503454
140.410263 34.047843 -54.855945
140.077861 33.770629 -79.754804
>
142.006957 33.059370 -10.042545
141.696643 32.822704 -13.669342
142.019325 32.702799 -10.416252
142.006957 33.059370 -10.042545
>
140.514062 35.635251 -47.699227
140.594265 35.235512 -42.736821
140.904418 35.485884 -33.776574
140.514062 35.635251 -47.699227
>
140.294471 32.415590 -80.970905
140.620382 32.699050 -54.407563
140.230290 32.872179 -80.042037
140.294471 32.415590 -80.970905
>
141.714467 30.500860 -22.046254
141.420777 30.915968 -29.368485
141.176954 30.456674 -44.254584
141.714467 30.500860 -22.046254
>
141.651163 33.178740 -13.721941
141.696643 32.822704 -13.669342
142.006957 33.059370 -10.042545
141.651163 33.178740 -13.721941
>
142.288514 30.545359 -9.918257
141.904504 30.807648 -16.309300
141.714467 30.500860 -22.046254
142.288514 30.545359 -9.918257
>
141.742920 32.484878 -13.460277
141.500059 32.264659 -21.289768
141.789905 32.154524 -13.265024
141.742920 32.484878 -13.460277
>
142.019325 32.702799 -10.416252
141.742920 32.484878 -13.460277
142.034438 32.337184 -10.459629
142.019325 32.702799 -10.416252
>
141.215593 33.681467 -21.905218
141.604423 33.561822 -13.820450
141.541062 33.944576 -14.317083
141.215593 33.681467 -21.905218
>
141.541062 33.944576 -14.317083
141.153644 34.077060 -22.710380
141.215593 33.681467 -21.905218
141.541062 33.944576 -14.317083
>
140.221755 36.164690 -64.310707
140.438076 35.908567 -52.770802
140.603052 36.133543 -49.494903
140.221755 36.164690 -64.310707
>
140.048341 36.622176 -80.542047
140.447832 36.411192 -59.180177
140.587578 36.749751 -60.811172
140.048341 36.622176 -80.542047
>
139.981590 34.234583 -80.646997
140.326700 34.542636 -56.088367
139.872122 34.727889 -81.583077
139.981590 34.234583 -80.646997
>
139.872122 34.727889 -81.583077
140.326700 34.542636 -56.088367
140.244953 34.993118 -58.319153
139.872122 34.727889 -81.583077
>
141.420777 30.915968 -29.368485
140.957021 30.726023 -54.926517
141.176954 30.456674 -44.254584
141.420777 30.915968 -29.368485
>
142.130000 31.730000 -9.591520
141.862617 31.496099 -13.849315
142.179777 31.347760 -9.303740
142.130000 31.730000 -9.591520
>
140.620382 32.699050 -54.407563
140.943484 32.993743 -35.781661
140.552982 33.137259 -54.221726
140.620382 32.699050 -54.407563
>
141.931077 33.807451 -9.767565
141.604423 33.561822 -13.820450
141.987235 33.417141 -9.668195
141.931077 33.807451 -9.767565
>
141.153644 34.077060 -22.710380
141.138391 34.435603 -22.854407
140.768004 34.377225 -35.521535
141.153644 34.077060 -22.710380
>
140.189053 35.430060 -60.610946
140.514062 35.635251 -47.699227
140.167576 35.820479 -63.058010
140.189053 35.430060 -60.610946
>
140.189053 35.430060 -60.610946
140.594265 35.235512 -42.736821
140.514062 35.635251 -47.699227
140.189053 35.430060 -60.610946
>
141.010979 32.551007 -36.304844
141.239492 32.336265 -29.011668
141.421507 32.568624 -21.741876
141.010979 32.551007 -36.304844
>
140.326700 34.542636 -56.088367
140.662575 34.815767 -39.339316
140.244953 34.993118 -58.319153
140.326700 34.542636 -56.088367
>
141.987235 33.417141 -9.668195
141.604423 33.561822 -13.820450
141.651163 33.178740 -13.721941
141.987235 33.417141 -9.668195
>
140.230290 32.872179 -80.042037
140.620382 32.699050 -54.407563
140.552982 33.137259 -54.221726
140.230290 32.872179 -80.042037
>
141.718802 34.649814 -11.722479
141.457797 34.334695 -15.392970
141.883000 34.212700 -9.745119
141.718802 34.649814 -11.722479
>
140.374696 32.003187 -79.953912
140.702266 32.239869 -54.115173
140.294471 32.415590 -80.970905
140.374696 32.003187 -79.953912
>
140.662575 34.815767 -39.339316
140.987475 34.687909 -28.017012
141.050532 35.052991 -27.276786
140.662575 34.815767 -39.339316
>
140.853642 31.531862 -52.379745
140.931106 31.081583 -52.508515
141.244785 31.334466 -34.542723
140.853642 31.531862 -52.379745
>
142.019325 32.702799 -10.416252
141.696643 32.822704 -13.669342
141.742920 32.484878 -13.460277
142.019325 32.702799 -10.416252
>
140.326700 34.542636 -56.088367
140.768004 34.377225 -35.521535
140.662575 34.815767 -39.339316
140.326700 34.542636 -56.088367
>
139.872122 34.727889 -81.583077
140.244953 34.993118 -58.319153
139.820942 35.200120 -80.178106
139.872122 34.727889 -81.583077
>
140.943484 32.993743 -35.781661
141.272628 33.291159 -22.016648
140.882018 33.410935 -35.320538
140.943484 32.993743 -35.781661
>
140.410263 34.047843 -54.855945
140.326700 34.542636 -56.088367
139.981590 34.234583 -80.646997
140.410263 34.047843 -54.855945
>
139.792517 35.695883 -80.356047
140.167576 35.820479 -63.058010
139.849367 36.087275 -80.008281
139.792517 35.695883 -80.356047
>
140.158087 33.299311 -79.969733
140.485373 33.557882 -54.503454
140.077861 33.770629 -79.754804
140.158087 33.299311 -79.969733
>
141.714467 30.500860 -22.046254
141.904504 30.807648 -16.309300
141.420777 30.915968 -29.368485
141.714467 30.500860 -22.046254
>
140.230290 32.872179 -80.042037
140.552982 33.137259 -54.221726
140.158087 33.299311 -79.969733
140.230290 32.872179 -80.042037
>
140.410263 34.047843 -54.855945
140.768004 34.377225 -35.521535
140.326700 34.542636 -56.088367
140.410263 34.047843 -54.855945
>
142.091528 32.054737 -9.764664
141.829609 31.833842 -13.289250
142.130000 31.730000 -9.591520
142.091528 32.054737 -9.764664
>
140.519103 31.193109 -79.853225
140.853642 31.531862 -52.379745
140.446900 31.598148 -79.710391
140.519103 31.193109 -79.853225
>
140.077861 33.770629 -79.754804
140.410263 34.047843 -54.855945
139.981590 34.234583 -80.646997
140.077861 33.770629 -79.754804
>
140.447832 36.411192 -59.180177
140.221755 36.164690 -64.310707
140.603052 36.133543 -49.494903
140.447832 36.411192 -59.180177
>
140.519103 31.193109 -79.853225
140.931106 31.081583 -52.508515
140.853642 31.531862 -52.379745
140.519103 31.193109 -79.853225
>
141.535575 35.037010 -15.840839
141.325033 34.701129 -17.740104
141.718802 34.649814 -11.722479
141.535575 35.037010 -15.840839
>
140.943484 32.993743 -35.781661
140.882018 33.410935 -35.320538
140.552982 33.137259 -54.221726
140.943484 32.993743 -35.781661
>
140.591306 30.788070 -80.631921
140.931106 31.081583 -52.508515
140.519103 31.193109 -79.853225
140.591306 30.788070 -80.631921
>
142.179777 31.347760 -9.303740
141.862826 31.133333 -15.768532
142.235935 30.942721 -9.138687
142.179777 31.347760 -9.303740
>
140.950548 31.940581 -43.584295
140.647496 31.846842 -61.821006
140.853642 31.531862 -52.379745
140.950548 31.940581 -43.584295
>
141.883000 34.212700 -9.745119
141.541062 33.944576 -14.317083
141.931077 33.807451 -9.767565
141.883000 34.212700 -9.745119
>
140.374696 32.003187 -79.953912
140.647496 31.846842 -61.821006
140.702266 32.239869 -54.115173
140.374696 32.003187 -79.953912
>
141.789905 32.154524 -13.265024
141.829609 31.833842 -13.289250
142.091528 32.054737 -9.764664
141.789905 32.154524 -13.265024
>
141.272628 33.291159 -22.016648
141.215593 33.681467 -21.905218
140.882018 33.410935 -35.320538
141.272628 33.291159 -22.016648
>
140.882018 33.410935 -35.320538
140.485373 33.557882 -54.503454
140.552982 33.137259 -54.221726
140.882018 33.410935 -35.320538
>
140.943484 32.993743 -35.781661
141.339090 32.920245 -22.089505
141.272628 33.291159 -22.016648
140.943484 32.993743 -35.781661
>
142.130000 31.730000 -9.591520
141.829609 31.833842 -13.289250
141.862617 31.496099 -13.849315
142.130000 31.730000 -9.591520
>
140.587578 36.749751 -60.811172
140.447832 36.411192 -59.180177
140.778771 36.387270 -47.398927
140.587578 36.749751 -60.811172
>
141.987235 33.417141 -9.668195
141.651163 33.178740 -13.721941
142.006957 33.059370 -10.042545
141.987235 33.417141 -9.668195
>
141.153190 35.753733 -29.177132
140.769882 35.829800 -40.690027
140.904418 35.485884 -33.776574
141.153190 35.753733 -29.177132
>
141.500059 32.264659 -21.289768
141.540877 31.951845 -21.866060
141.789905 32.154524 -13.265024
141.500059 32.264659 -21.289768
>
140.778771 36.387270 -47.398927
140.603052 36.133543 -49.494903
140.961997 36.099738 -37.935396
140.778771 36.387270 -47.398927
>
140.552982 33.137259 -54.221726
140.485373 33.557882 -54.503454
140.158087 33.299311 -79.969733
140.552982 33.137259 -54.221726
>
141.153190 35.753733 -29.177132
140.904418 35.485884 -33.776574
141.344383 35.407729 -21.038703
141.153190 35.753733 -29.177132
>
141.215593 33.681467 -21.905218
141.153644 34.077060 -22.710380
140.822050 33.804102 -35.443021
141.215593 33.681467 -21.905218
>
141.541062 33.944576 -14.317083
141.457797 34.334695 -15.392970
141.153644 34.077060 -22.710380
141.541062 33.944576 -14.317083
>
140.822050 33.804102 -35.443021
140.485373 33.557882 -54.503454
140.882018 33.410935 -35.320538
140.822050 33.804102 -35.443021
>
141.344383 35.407729 -21.038703
141.050532 35.052991 -27.276786
141.535575 35.037010 -15.840839
141.344383 35.407729 -21.038703
>
140.244953 34.993118 -58.319153
140.189053 35.430060 -60.610946
139.820942 35.200120 -80.178106
140.244953 34.993118 -58.319153
>
140.244953 34.993118 -58.319153
140.594265 35.235512 -42.736821
140.189053 35.430060 -60.610946
140.244953 34.993118 -58.319153
>
142.034438 32.337184 -10.459629
141.789905 32.154524 -13.265024
142.091528 32.054737 -9.764664
142.034438 32.337184 -10.459629
>
141.742920 32.484878 -13.460277
141.421507 32.568624 -21.741876
141.500059 32.264659 -21.289768
141.742920 32.484878 -13.460277
>
141.883000 34.212700 -9.745119
141.457797 34.334695 -15.392970
141.541062 33.944576 -14.317083
141.883000 34.212700 -9.745119
>
141.535575 35.037010 -15.840839
141.050532 35.052991 -27.276786
141.325033 34.701129 -17.740104
141.535575 35.037010 -15.840839
>
140.961997 36.099738 -37.935396
140.769882 35.829800 -40.690027
141.153190 35.753733 -29.177132
140.961997 36.099738 -37.935396
>
141.742920 32.484878 -13.460277
141.696643 32.822704 -13.669342
141.421507 32.568624 -21.741876
141.742920 32.484878 -13.460277
>
140.853642 31.531862 -52.379745
140.647496 31.846842 -61.821006
140.446900 31.598148 -79.710391
140.853642 31.531862 -52.379745
>
141.215593 33.681467 -21.905218
140.822050 33.804102 -35.443021
140.882018 33.410935 -35.320538
141.215593 33.681467 -21.905218
>
141.541062 33.944576 -14.317083
141.604423 33.561822 -13.820450
141.931077 33.807451 -9.767565
141.541062 33.944576 -14.317083
>
141.176954 30.456674 -44.254584
140.957021 30.726023 -54.926517
140.679554 30.390395 -80.816638
141.176954 30.456674 -44.254584
>
140.904418 35.485884 -33.776574
141.050532 35.052991 -27.276786
141.344383 35.407729 -21.038703
140.904418 35.485884 -33.776574
>
141.862617 31.496099 -13.849315
141.862826 31.133333 -15.768532
142.179777 31.347760 -9.303740
141.862617 31.496099 -13.849315
>
141.247040 32.073784 -30.431917
140.950548 31.940581 -43.584295
141.235558 31.728307 -32.854357
141.247040 32.073784 -30.431917
>
141.247040 32.073784 -30.431917
141.235558 31.728307 -32.854357
141.540877 31.951845 -21.866060
141.247040 32.073784 -30.431917
>
140.662575 34.815767 -39.339316
140.594265 35.235512 -42.736821
140.244953 34.993118 -58.319153
140.662575 34.815767 -39.339316
>
141.500059 32.264659 -21.289768
141.247040 32.073784 -30.431917
141.540877 31.951845 -21.866060
141.500059 32.264659 -21.289768
>
142.235935 30.942721 -9.138687
141.904504 30.807648 -16.309300
142.288514 30.545359 -9.918257
142.235935 30.942721 -9.138687
>
141.540877 31.951845 -21.866060
141.829609 31.833842 -13.289250
141.789905 32.154524 -13.265024
141.540877 31.951845 -21.866060
>
141.420777 30.915968 -29.368485
141.573345 31.289801 -23.385798
141.244785 31.334466 -34.542723
141.420777 30.915968 -29.368485
>
140.702266 32.239869 -54.115173
141.017287 32.222823 -38.482191
141.010979 32.551007 -36.304844
140.702266 32.239869 -54.115173
>
141.325033 34.701129 -17.740104
141.457797 34.334695 -15.392970
141.718802 34.649814 -11.722479
141.325033 34.701129 -17.740104
>
141.696643 32.822704 -13.669342
141.339090 32.920245 -22.089505
141.421507 32.568624 -21.741876
141.696643 32.822704 -13.669342
>
140.603052 36.133543 -49.494903
140.769882 35.829800 -40.690027
140.961997 36.099738 -37.935396
140.603052 36.133543 -49.494903
>
140.603052 36.133543 -49.494903
140.438076 35.908567 -52.770802
140.769882 35.829800 -40.690027
140.603052 36.133543 -49.494903
>
140.679554 30.390395 -80.816638
140.957021 30.726023 -54.926517
140.591306 30.788070 -80.631921
140.679554 30.390395 -80.816638
>
141.247040 32.073784 -30.431917
141.017287 32.222823 -38.482191
140.950548 31.940581 -43.584295
141.247040 32.073784 -30.431917
>
140.514062 35.635251 -47.699227
140.438076 35.908567 -52.770802
140.167576 35.820479 -63.058010
140.514062 35.635251 -47.699227
>
140.048341 36.622176 -80.542047
140.221755 36.164690 -64.310707
140.447832 36.411192 -59.180177
140.048341 36.622176 -80.542047
>
141.862617 31.496099 -13.849315
141.573345 31.289801 -23.385798
141.862826 31.133333 -15.768532
141.862617 31.496099 -13.849315
>
140.778771 36.387270 -47.398927
140.447832 36.411192 -59.180177
140.603052 36.133543 -49.494903
140.778771 36.387270 -47.398927
>
141.457797 34.334695 -15.392970
141.138391 34.435603 -22.854407
141.153644 34.077060 -22.710380
141.457797 34.334695 -15.392970
>
141.862617 31.496099 -13.849315
141.549147 31.606556 -23.101648
141.573345 31.289801 -23.385798
141.862617 31.496099 -13.849315
>
140.167576 35.820479 -63.058010
140.221755 36.164690 -64.310707
139.849367 36.087275 -80.008281
140.167576 35.820479 -63.058010
>
141.829609 31.833842 -13.289250
141.549147 31.606556 -23.101648
141.862617 31.496099 -13.849315
141.829609 31.833842 -13.289250
>
140.768004 34.377225 -35.521535
140.987475 34.687909 -28.017012
140.662575 34.815767 -39.339316
140.768004 34.377225 -35.521535
>
141.050532 35.052991 -27.276786
140.987475 34.687909 -28.017012
141.325033 34.701129 -17.740104
141.050532 35.052991 -27.276786
>
140.769882 35.829800 -40.690027
140.438076 35.908567 -52.770802
140.514062 35.635251 -47.699227
140.769882 35.829800 -40.690027
>
141.235558 31.728307 -32.854357
141.549147 31.606556 -23.101648
141.540877 31.951845 -21.866060
141.235558 31.728307 -32.854357
>
140.591306 30.788070 -80.631921
140.957021 30.726023 -54.926517
140.931106 31.081583 -52.508515
140.591306 30.788070 -80.631921
>
141.500059 32.264659 -21.289768
141.239492 32.336265 -29.011668
141.247040 32.073784 -30.431917
141.500059 32.264659 -21.289768
>
141.540877 31.951845 -21.866060
141.549147 31.606556 -23.101648
141.829609 31.833842 -13.289250
141.540877 31.951845 -21.866060
>
141.421507 32.568624 -21.741876
141.239492 32.336265 -29.011668
141.500059 32.264659 -21.289768
141.421507 32.568624 -21.741876
>
140.446900 31.598148 -79.710391
140.647496 31.846842 -61.821006
140.374696 32.003187 -79.953912
140.446900 31.598148 -79.710391
>
141.862826 31.133333 -15.768532
141.904504 30.807648 -16.309300
142.235935 30.942721 -9.138687
141.862826 31.133333 -15.768532
>
141.325033 34.701129 -17.740104
141.138391 34.435603 -22.854407
141.457797 34.334695 -15.392970
141.325033 34.701129 -17.740104
>
140.167576 35.820479 -63.058010
140.438076 35.908567 -52.770802
140.221755 36.164690 -64.310707
140.167576 35.820479 -63.058010
>
141.010979 32.551007 -36.304844
141.017287 32.222823 -38.482191
141.239492 32.336265 -29.011668
141.010979 32.551007 -36.304844
>
141.239492 32.336265 -29.011668
141.017287 32.222823 -38.482191
141.247040 32.073784 -30.431917
141.239492 32.336265 -29.011668
>
141.138391 34.435603 -22.854407
140.987475 34.687909 -28.017012
140.768004 34.377225 -35.521535
141.138391 34.435603 -22.854407
>
141.325033 34.701129 -17.740104
140.987475 34.687909 -28.017012
141.138391 34.435603 -22.854407
141.325033 34.701129 -17.740104
