>
141.119978 35.797071 -24.618966
141.057355 35.909886 -25.903611
140.978643 35.779471 -25.017492
141.119978 35.797071 -24.618966
>
141.192432 34.676909 -8.003591
141.244510 34.534716 -7.437045
141.340521 34.626358 -8.152829
141.192432 34.676909 -8.003591
>
140.231560 36.315049 -53.917597
140.082782 36.379467 -60.960547
140.146081 36.259903 -52.535156
140.231560 36.315049 -53.917597
>
139.743122 35.571761 -24.031299
139.778556 35.438436 -21.381291
139.884259 35.516452 -23.746260
139.743122 35.571761 -24.031299
>
141.057355 35.909886 -25.903611
140.923192 35.914659 -25.858709
140.978643 35.779471 -25.017492
141.057355 35.909886 -25.903611
>
140.013333 35.211465 -16.676929
139.997299 35.069554 -12.252688
140.129222 35.154251 -15.840500
140.013333 35.211465 -16.676929
>
139.997299 35.069554 -12.252688
140.146819 35.020485 -12.531060
140.129222 35.154251 -15.840500
139.997299 35.069554 -12.252688
>
141.302188 34.767825 -8.950143
141.192432 34.676909 -8.003591
141.340521 34.626358 -8.152829
141.302188 34.767825 -8.950143
>
141.244510 34.534716 -7.437045
141.192432 34.676909 -8.003591
141.122756 34.569408 -7.170315
141.244510 34.534716 -7.437045
>
139.866829 35.643159 -25.282059
139.743122 35.571761 -24.031299
139.884259 35.516452 -23.746260
139.866829 35.643159 -25.282059
>
141.505227 34.444863 -8.077903
141.636542 34.508551 -8.867737
141.474666 34.576946 -8.413116
141.505227 34.444863 -8.077903
>
140.617752 34.822094 -10.785529
140.502942 34.875315 -11.740074
140.514711 34.739150 -8.781605
140.617752 34.822094 -10.785529
>
139.826874 35.063820 -9.576091
139.997299 35.069554 -12.252688
139.907544 35.160753 -13.958166
139.826874 35.063820 -9.576091
>
140.489128 35.956515 -29.649356
140.603036 36.025336 -30.586867
140.452309 36.076963 -36.843052
140.489128 35.956515 -29.649356
>
139.997299 35.069554 -12.252688
139.826874 35.063820 -9.576091
139.909820 34.949081 -7.734894
139.997299 35.069554 -12.252688
>
140.457852 36.321923 -48.221595
140.581056 36.260209 -41.898486
140.544482 36.404779 -48.471426
140.457852 36.321923 -48.221595
>
140.219770 36.432282 -60.488703
140.082782 36.379467 -60.960547
140.231560 36.315049 -53.917597
140.219770 36.432282 -60.488703
>
140.082782 36.379467 -60.960547
139.945794 36.326653 -60.125668
140.048069 36.252299 -53.506458
140.082782 36.379467 -60.960547
>
141.404998 34.981547 -11.388051
141.271589 35.030756 -12.156053
141.286411 34.902406 -10.300862
141.404998 34.981547 -11.388051
>
140.603036 36.025336 -30.586867
140.553342 36.140408 -37.417540
140.452309 36.076963 -36.843052
140.603036 36.025336 -30.586867
>
140.438951 36.593240 -60.155416
140.329360 36.512761 -60.850876
140.436519 36.455837 -54.462971
140.438951 36.593240 -60.155416
>
141.474666 34.576946 -8.413116
141.636542 34.508551 -8.867737
141.595196 34.636456 -9.164095
141.474666 34.576946 -8.413116
>
140.048069 36.252299 -53.506458
139.945794 36.326653 -60.125668
139.950484 36.207286 -51.306629
140.048069 36.252299 -53.506458
>
141.549759 34.757282 -9.635456
141.488311 34.863193 -10.309986
141.422941 34.723959 -8.978723
141.549759 34.757282 -9.635456
>
141.404998 34.981547 -11.388051
141.286411 34.902406 -10.300862
141.380970 34.847786 -9.875871
141.404998 34.981547 -11.388051
>
140.631120 34.696042 -8.060631
140.617752 34.822094 -10.785529
140.514711 34.739150 -8.781605
140.631120 34.696042 -8.060631
>
140.581056 36.260209 -41.898486
140.457852 36.321923 -48.221595
140.459455 36.201301 -43.134284
140.581056 36.260209 -41.898486
>
140.079584 35.834511 -27.968541
140.190255 35.878297 -29.265710
140.094861 35.952347 -34.004331
140.079584 35.834511 -27.968541
>
140.190255 35.878297 -29.265710
140.190729 36.000753 -36.755934
140.094861 35.952347 -34.004331
140.190255 35.878297 -29.265710
>
141.422941 34.723959 -8.978723
141.488311 34.863193 -10.309986
141.380970 34.847786 -9.875871
141.422941 34.723959 -8.978723
>
140.404566 34.795820 -9.622729
140.403744 34.637873 -5.689526
140.514711 34.739150 -8.781605
140.404566 34.795820 -9.622729
>
139.572802 35.363776 -17.131746
139.664027 35.250523 -13.815437
139.693549 35.367179 -18.585199
139.572802 35.363776 -17.131746
>
139.551637 35.496748 -20.671743
139.572802 35.363776 -17.131746
139.662011 35.467310 -21.034529
139.551637 35.496748 -20.671743
>
141.103908 35.574802 -22.742441
140.976572 35.634674 -23.875633
140.988872 35.514432 -22.464220
141.103908 35.574802 -22.742441
>
139.792606 36.228565 -53.400266
139.737571 36.303180 -60.861679
139.685903 36.209162 -51.357484
139.792606 36.228565 -53.400266
>
140.734846 36.482581 -44.552489
140.617924 36.495047 -48.875908
140.667897 36.373015 -43.148685
140.734846 36.482581 -44.552489
>
141.119978 35.797071 -24.618966
140.978643 35.779471 -25.017492
141.072152 35.695636 -24.094842
141.119978 35.797071 -24.618966
>
140.126988 36.167306 -47.851156
140.241004 36.185392 -47.399886
140.146081 36.259903 -52.535156
140.126988 36.167306 -47.851156
>
140.403744 34.637873 -5.689526
140.404566 34.795820 -9.622729
140.318349 34.743353 -7.647649
140.403744 34.637873 -5.689526
>
139.737571 36.303180 -60.861679
139.633460 36.291443 -60.490124
139.685903 36.209162 -51.357484
139.737571 36.303180 -60.861679
>
141.883000 34.212700 -9.348561
141.831581 34.348852 -9.424903
141.764192 34.250693 -8.799550
141.883000 34.212700 -9.348561
>
139.998402 35.603992 -25.126158
140.048667 35.721406 -25.938511
139.951080 35.706336 -25.778824
139.998402 35.603992 -25.126158
>
139.664027 35.250523 -13.815437
139.572802 35.363776 -17.131746
139.546071 35.254219 -11.487296
139.664027 35.250523 -13.815437
>
140.438951 36.593240 -60.155416
140.436519 36.455837 -54.462971
140.509472 36.521790 -54.347495
140.438951 36.593240 -60.155416
>
140.048667 35.721406 -25.938511
139.998402 35.603992 -25.126158
140.110881 35.639992 -25.374862
140.048667 35.721406 -25.938511
>
140.544482 36.404779 -48.471426
140.617924 36.495047 -48.875908
140.509472 36.521790 -54.347495
140.544482 36.404779 -48.471426
>
139.364963 35.858868 -25.699087
139.465273 35.798259 -25.442561
139.476488 35.930154 -28.227674
139.364963 35.858868 -25.699087
>
140.581056 36.260209 -41.898486
140.667897 36.373015 -43.148685
140.544482 36.404779 -48.471426
140.581056 36.260209 -41.898486
>
140.241004 36.185392 -47.399886
140.231560 36.315049 -53.917597
140.146081 36.259903 -52.535156
140.241004 36.185392 -47.399886
>
141.302188 34.767825 -8.950143
141.340521 34.626358 -8.152829
141.422941 34.723959 -8.978723
141.302188 34.767825 -8.950143
>
140.784162 36.371922 -39.485763
140.734846 36.482581 -44.552489
140.667897 36.373015 -43.148685
140.784162 36.371922 -39.485763
>
140.510185 36.681264 -60.519640
140.633475 36.681264 -55.035271
140.581419 36.769288 -60.451433
140.510185 36.681264 -60.519640
>
139.687331 35.905547 -29.003993
139.595537 35.983967 -32.805350
139.575657 35.855496 -26.544273
139.687331 35.905547 -29.003993
>
139.448494 35.551024 -21.021346
139.551637 35.496748 -20.671743
139.547999 35.615446 -23.606459
139.448494 35.551024 -21.021346
>
139.572802 35.363776 -17.131746
139.693549 35.367179 -18.585199
139.662011 35.467310 -21.034529
139.572802 35.363776 -17.131746
>
140.978643 35.779471 -25.017492
140.923192 35.914659 -25.858709
140.839429 35.817367 -25.392993
140.978643 35.779471 -25.017492
>
140.254389 35.104563 -15.300896
140.146819 35.020485 -12.531060
140.273825 34.976160 -12.555336
140.254389 35.104563 -15.300896
>
139.633460 36.291443 -60.490124
139.499212 36.291443 -61.168952
139.566202 36.196142 -49.186852
139.633460 36.291443 -60.490124
>
141.340521 34.626358 -8.152829
141.474666 34.576946 -8.413116
141.422941 34.723959 -8.978723
141.340521 34.626358 -8.152829
>
140.079584 35.834511 -27.968541
140.048667 35.721406 -25.938511
140.179370 35.740823 -26.020147
140.079584 35.834511 -27.968541
>
141.271589 35.030756 -12.156053
141.404998 34.981547 -11.388051
141.359511 35.124043 -13.372561
141.271589 35.030756 -12.156053
>
140.976572 35.634674 -23.875633
141.103908 35.574802 -22.742441
141.072152 35.695636 -24.094842
140.976572 35.634674 -23.875633
>
141.422941 34.723959 -8.978723
141.474666 34.576946 -8.413116
141.510641 34.673661 -8.990063
141.422941 34.723959 -8.978723
>
140.502942 34.875315 -11.740074
140.404566 34.795820 -9.622729
140.514711 34.739150 -8.781605
140.502942 34.875315 -11.740074
>
139.364963 36.003060 -31.751009
139.364963 35.858868 -25.699087
139.476488 35.930154 -28.227674
139.364963 36.003060 -31.751009
>
139.778556 35.438436 -21.381291
139.743122 35.571761 -24.031299
139.662011 35.467310 -21.034529
139.778556 35.438436 -21.381291
>
139.998402 35.603992 -25.126158
139.866829 35.643159 -25.282059
139.884259 35.516452 -23.746260
139.998402 35.603992 -25.126158
>
139.492533 36.081274 -41.695808
139.364963 36.003060 -31.751009
139.476488 35.930154 -28.227674
139.492533 36.081274 -41.695808
>
139.551637 35.496748 -20.671743
139.631082 35.563216 -23.098123
139.547999 35.615446 -23.606459
139.551637 35.496748 -20.671743
>
140.079584 35.834511 -27.968541
140.179370 35.740823 -26.020147
140.190255 35.878297 -29.265710
140.079584 35.834511 -27.968541
>
139.634441 36.104076 -43.810933
139.715335 36.022345 -38.019229
139.751137 36.131567 -45.985631
139.634441 36.104076 -43.810933
>
140.510185 36.681264 -60.519640
140.438951 36.593240 -60.155416
140.565315 36.594881 -54.753620
140.510185 36.681264 -60.519640
>
139.633460 36.291443 -60.490124
139.566202 36.196142 -49.186852
139.685903 36.209162 -51.357484
139.633460 36.291443 -60.490124
>
140.631120 34.696042 -8.060631
140.736652 34.779773 -9.702448
140.617752 34.822094 -10.785529
140.631120 34.696042 -8.060631
>
140.339000 36.380528 -54.351936
140.231560 36.315049 -53.917597
140.348667 36.255850 -48.448564
140.339000 36.380528 -54.351936
>
140.667897 36.373015 -43.148685
140.617924 36.495047 -48.875908
140.544482 36.404779 -48.471426
140.667897 36.373015 -43.148685
>
139.685903 36.209162 -51.357484
139.634441 36.104076 -43.810933
139.751137 36.131567 -45.985631
139.685903 36.209162 -51.357484
>
139.492533 36.081274 -41.695808
139.476488 35.930154 -28.227674
139.595537 35.983967 -32.805350
139.492533 36.081274 -41.695808
>
140.348667 36.255850 -48.448564
140.231560 36.315049 -53.917597
140.241004 36.185392 -47.399886
140.348667 36.255850 -48.448564
>
140.339000 36.380528 -54.351936
140.219770 36.432282 -60.488703
140.231560 36.315049 -53.917597
140.339000 36.380528 -54.351936
>
140.146819 35.020485 -12.531060
140.178701 34.891359 -9.868405
140.273825 34.976160 -12.555336
140.146819 35.020485 -12.531060
>
139.332086 35.360903 -12.590385
139.334057 35.213935 -4.358728
139.443764 35.291615 -10.994120
139.332086 35.360903 -12.590385
>
141.488311 34.863193 -10.309986
141.404998 34.981547 -11.388051
141.380970 34.847786 -9.875871
141.488311 34.863193 -10.309986
>
141.677325 34.757310 -10.350894
141.549759 34.757282 -9.635456
141.595196 34.636456 -9.164095
141.677325 34.757310 -10.350894
>
140.329360 36.512761 -60.850876
140.339000 36.380528 -54.351936
140.436519 36.455837 -54.462971
140.329360 36.512761 -60.850876
>
139.566202 36.196142 -49.186852
139.492533 36.081274 -41.695808
139.634441 36.104076 -43.810933
139.566202 36.196142 -49.186852
>
140.736652 34.779773 -9.702448
140.631120 34.696042 -8.060631
140.752584 34.660135 -7.484860
140.736652 34.779773 -9.702448
>
141.764192 34.250693 -8.799550
141.831581 34.348852 -9.424903
141.717542 34.383571 -8.909831
141.764192 34.250693 -8.799550
>
140.726119 36.257076 -37.231584
140.667583 36.141900 -34.293779
140.797882 36.141690 -30.990062
140.726119 36.257076 -37.231584
>
139.997299 35.069554 -12.252688
140.013333 35.211465 -16.676929
139.907544 35.160753 -13.958166
139.997299 35.069554 -12.252688
>
140.339000 36.380528 -54.351936
140.457852 36.321923 -48.221595
140.436519 36.455837 -54.462971
140.339000 36.380528 -54.351936
>
140.633475 36.681264 -55.035271
140.510185 36.681264 -60.519640
140.565315 36.594881 -54.753620
140.633475 36.681264 -55.035271
>
141.645383 34.288685 -8.227312
141.764192 34.250693 -8.799550
141.717542 34.383571 -8.909831
141.645383 34.288685 -8.227312
>
139.364963 36.147251 -44.711300
139.364963 36.003060 -31.751009
139.492533 36.081274 -41.695808
139.364963 36.147251 -44.711300
>
141.728744 34.621158 -9.737447
141.677325 34.757310 -10.350894
141.595196 34.636456 -9.164095
141.728744 34.621158 -9.737447
>
139.595537 35.983967 -32.805350
139.476488 35.930154 -28.227674
139.575657 35.855496 -26.544273
139.595537 35.983967 -32.805350
>
140.858136 36.253718 -34.267687
140.784162 36.371922 -39.485763
140.726119 36.257076 -37.231584
140.858136 36.253718 -34.267687
>
141.404998 34.981547 -11.388051
141.493213 35.110412 -13.174222
141.359511 35.124043 -13.372561
141.404998 34.981547 -11.388051
>
140.553342 36.140408 -37.417540
140.581056 36.260209 -41.898486
140.459455 36.201301 -43.134284
140.553342 36.140408 -37.417540
>
140.726119 36.257076 -37.231584
140.784162 36.371922 -39.485763
140.667897 36.373015 -43.148685
140.726119 36.257076 -37.231584
>
140.339000 36.380528 -54.351936
140.348667 36.255850 -48.448564
140.457852 36.321923 -48.221595
140.339000 36.380528 -54.351936
>
140.667583 36.141900 -34.293779
140.581056 36.260209 -41.898486
140.553342 36.140408 -37.417540
140.667583 36.141900 -34.293779
>
140.436519 36.455837 -54.462971
140.544482 36.404779 -48.471426
140.509472 36.521790 -54.347495
140.436519 36.455837 -54.462971
>
140.734846 36.482581 -44.552489
140.685530 36.593240 -49.554897
140.617924 36.495047 -48.875908
140.734846 36.482581 -44.552489
>
139.866829 35.643159 -25.282059
139.998402 35.603992 -25.126158
139.951080 35.706336 -25.778824
139.866829 35.643159 -25.282059
>
139.583760 34.943646 -1.937035
139.605061 34.823945 -1.197724
139.707797 34.893033 -3.057233
139.583760 34.943646 -1.937035
>
139.687373 35.122830 -8.851110
139.568085 35.064079 -4.315346
139.694430 35.006359 -5.175579
139.687373 35.122830 -8.851110
>
141.780163 34.485005 -9.575270
141.728744 34.621158 -9.737447
141.636542 34.508551 -8.867737
141.780163 34.485005 -9.575270
>
139.443764 35.291615 -10.994120
139.465756 35.150941 -4.883376
139.546071 35.254219 -11.487296
139.443764 35.291615 -10.994120
>
139.738592 34.775917 -1.997867
139.872122 34.727889 -2.907086
139.830726 34.855005 -4.423115
139.738592 34.775917 -1.997867
>
140.348667 36.255850 -48.448564
140.241004 36.185392 -47.399886
140.359948 36.131939 -42.146821
140.348667 36.255850 -48.448564
>
140.146819 35.020485 -12.531060
140.254389 35.104563 -15.300896
140.129222 35.154251 -15.840500
140.146819 35.020485 -12.531060
>
140.667583 36.141900 -34.293779
140.553342 36.140408 -37.417540
140.603036 36.025336 -30.586867
140.667583 36.141900 -34.293779
>
140.685530 36.593240 -49.554897
140.633475 36.681264 -55.035271
140.565315 36.594881 -54.753620
140.685530 36.593240 -49.554897
>
139.687373 35.122830 -8.851110
139.576632 35.163284 -7.932834
139.568085 35.064079 -4.315346
139.687373 35.122830 -8.851110
>
139.476488 35.930154 -28.227674
139.465273 35.798259 -25.442561
139.575657 35.855496 -26.544273
139.476488 35.930154 -28.227674
>
139.907303 35.984619 -36.090035
139.929645 36.095530 -44.437379
139.826336 36.057488 -41.682450
139.907303 35.984619 -36.090035
>
140.901336 34.517400 -6.049180
141.027943 34.479218 -6.306600
140.995742 34.590735 -6.949023
140.901336 34.517400 -6.049180
>
141.431842 35.228112 -15.290109
141.370471 35.345813 -17.588333
141.310223 35.244876 -15.753999
141.431842 35.228112 -15.290109
>
140.667583 36.141900 -34.293779
140.735732 36.036703 -28.753911
140.797882 36.141690 -30.990062
140.667583 36.141900 -34.293779
>
139.492533 36.081274 -41.695808
139.595537 35.983967 -32.805350
139.634441 36.104076 -43.810933
139.492533 36.081274 -41.695808
>
140.048069 36.252299 -53.506458
139.950484 36.207286 -51.306629
140.028375 36.136957 -46.814530
140.048069 36.252299 -53.506458
>
141.154551 34.441035 -6.730617
141.244510 34.534716 -7.437045
141.122756 34.569408 -7.170315
141.154551 34.441035 -6.730617
>
141.281159 34.402853 -7.139768
141.407766 34.364671 -7.480160
141.375641 34.491734 -7.754495
141.281159 34.402853 -7.139768
>
139.364963 35.858868 -25.699087
139.356744 35.734377 -24.742031
139.465273 35.798259 -25.442561
139.364963 35.858868 -25.699087
>
140.002275 35.466698 -23.275830
140.107202 35.536036 -24.510166
139.998402 35.603992 -25.126158
140.002275 35.466698 -23.275830
>
140.421889 35.637271 -25.119931
140.537388 35.587075 -24.603195
140.521991 35.710913 -25.308648
140.421889 35.637271 -25.119931
>
141.057355 35.909886 -25.903611
140.994732 36.022700 -27.314375
140.923192 35.914659 -25.858709
141.057355 35.909886 -25.903611
>
139.348524 35.609885 -21.593865
139.448494 35.551024 -21.021346
139.454343 35.674078 -24.194761
139.348524 35.609885 -21.593865
>
139.790346 35.315850 -17.973823
139.894391 35.390810 -21.075335
139.778556 35.438436 -21.381291
139.790346 35.315850 -17.973823
>
140.047478 34.927022 -9.164146
140.178701 34.891359 -9.868405
140.146819 35.020485 -12.531060
140.047478 34.927022 -9.164146
>
139.465273 35.798259 -25.442561
139.356744 35.734377 -24.742031
139.454343 35.674078 -24.194761
139.465273 35.798259 -25.442561
>
139.668851 35.783172 -25.908228
139.687331 35.905547 -29.003993
139.575657 35.855496 -26.544273
139.668851 35.783172 -25.908228
>
140.359948 36.131939 -42.146821
140.241004 36.185392 -47.399886
140.274111 36.062320 -39.626795
140.359948 36.131939 -42.146821
>
140.637897 35.661182 -24.949771
140.738441 35.736730 -25.168430
140.620084 35.782547 -25.504462
140.637897 35.661182 -24.949771
>
140.329360 36.512761 -60.850876
140.219770 36.432282 -60.488703
140.339000 36.380528 -54.351936
140.329360 36.512761 -60.850876
>
140.923192 35.914659 -25.858709
140.994732 36.022700 -27.314375
140.866293 36.028680 -27.344673
140.923192 35.914659 -25.858709
>
139.471530 34.871972 -1.557647
139.605061 34.823945 -1.197724
139.583760 34.943646 -1.937035
139.471530 34.871972 -1.557647
>
140.521991 35.710913 -25.308648
140.620084 35.782547 -25.504462
140.505919 35.833200 -26.246968
140.521991 35.710913 -25.308648
>
140.620084 35.782547 -25.504462
140.738441 35.736730 -25.168430
140.713401 35.853241 -25.789004
140.620084 35.782547 -25.504462
>
140.407899 35.761920 -25.745595
140.421889 35.637271 -25.119931
140.521991 35.710913 -25.308648
140.407899 35.761920 -25.745595
>
140.091037 34.801435 -6.716080
140.215636 34.771729 -7.395606
140.178701 34.891359 -9.868405
140.091037 34.801435 -6.716080
>
141.549759 34.757282 -9.635456
141.615954 34.875011 -10.828958
141.488311 34.863193 -10.309986
141.549759 34.757282 -9.635456
>
140.286746 35.942272 -31.884520
140.274111 36.062320 -39.626795
140.190729 36.000753 -36.755934
140.286746 35.942272 -31.884520
>
141.554583 34.992711 -11.981796
141.493213 35.110412 -13.174222
141.404998 34.981547 -11.388051
141.554583 34.992711 -11.981796
>
140.860704 35.690852 -24.697995
140.978643 35.779471 -25.017492
140.839429 35.817367 -25.392993
140.860704 35.690852 -24.697995
>
141.554583 34.992711 -11.981796
141.404998 34.981547 -11.388051
141.488311 34.863193 -10.309986
141.554583 34.992711 -11.981796
>
140.637897 35.661182 -24.949771
140.620084 35.782547 -25.504462
140.521991 35.710913 -25.308648
140.637897 35.661182 -24.949771
>
140.551771 35.461373 -23.092401
140.565886 35.335295 -20.971950
140.668451 35.411655 -22.024236
140.551771 35.461373 -23.092401
>
140.537388 35.587075 -24.603195
140.637897 35.661182 -24.949771
140.521991 35.710913 -25.308648
140.537388 35.587075 -24.603195
>
141.244510 34.534716 -7.437045
141.375641 34.491734 -7.754495
141.340521 34.626358 -8.152829
141.244510 34.534716 -7.437045
>
139.605061 34.823945 -1.197724
139.738592 34.775917 -1.997867
139.707797 34.893033 -3.057233
139.605061 34.823945 -1.197724
>
140.047478 34.927022 -9.164146
140.146819 35.020485 -12.531060
139.997299 35.069554 -12.252688
140.047478 34.927022 -9.164146
>
140.137933 34.682881 -4.702744
140.270838 34.660377 -5.284486
140.215636 34.771729 -7.395606
140.137933 34.682881 -4.702744
>
140.853384 34.738248 -8.647862
140.736652 34.779773 -9.702448
140.752584 34.660135 -7.484860
140.853384 34.738248 -8.647862
>
140.726119 36.257076 -37.231584
140.581056 36.260209 -41.898486
140.667583 36.141900 -34.293779
140.726119 36.257076 -37.231584
>
140.814230 35.108070 -16.067418
140.696974 35.158320 -17.304486
140.711182 35.031409 -14.732122
140.814230 35.108070 -16.067418
>
140.827940 34.981911 -13.378412
140.814230 35.108070 -16.067418
140.711182 35.031409 -14.732122
140.827940 34.981911 -13.378412
>
140.735732 36.036703 -28.753911
140.866293 36.028680 -27.344673
140.797882 36.141690 -30.990062
140.735732 36.036703 -28.753911
>
140.565886 35.335295 -20.971950
140.579901 35.208532 -18.429139
140.682902 35.285547 -19.797379
140.565886 35.335295 -20.971950
>
140.502942 34.875315 -11.740074
140.390673 34.927381 -12.291527
140.404566 34.795820 -9.622729
140.502942 34.875315 -11.740074
>
140.490946 35.003978 -14.089134
140.390673 34.927381 -12.291527
140.502942 34.875315 -11.740074
140.490946 35.003978 -14.089134
>
140.994732 36.022700 -27.314375
140.932109 36.135515 -29.391117
140.866293 36.028680 -27.344673
140.994732 36.022700 -27.314375
>
141.375641 34.491734 -7.754495
141.474666 34.576946 -8.413116
141.340521 34.626358 -8.152829
141.375641 34.491734 -7.754495
>
139.356744 35.734377 -24.742031
139.348524 35.609885 -21.593865
139.454343 35.674078 -24.194761
139.356744 35.734377 -24.742031
>
140.091037 34.801435 -6.716080
140.178701 34.891359 -9.868405
140.047478 34.927022 -9.164146
140.091037 34.801435 -6.716080
>
141.615954 34.875011 -10.828958
141.554583 34.992711 -11.981796
141.488311 34.863193 -10.309986
141.615954 34.875011 -10.828958
>
140.840817 34.857966 -10.771429
140.724258 34.904152 -12.169558
140.736652 34.779773 -9.702448
140.840817 34.857966 -10.771429
>
141.677325 34.757310 -10.350894
141.615954 34.875011 -10.828958
141.549759 34.757282 -9.635456
141.677325 34.757310 -10.350894
>
140.137933 34.682881 -4.702744
140.215636 34.771729 -7.395606
140.091037 34.801435 -6.716080
140.137933 34.682881 -4.702744
>
141.154551 34.441035 -6.730617
141.281159 34.402853 -7.139768
141.244510 34.534716 -7.437045
141.154551 34.441035 -6.730617
>
140.653665 35.536969 -23.806426
140.551771 35.461373 -23.092401
140.668451 35.411655 -22.024236
140.653665 35.536969 -23.806426
>
141.027943 34.479218 -6.306600
141.154551 34.441035 -6.730617
141.122756 34.569408 -7.170315
141.027943 34.479218 -6.306600
>
140.637897 35.661182 -24.949771
140.755811 35.612860 -24.320678
140.738441 35.736730 -25.168430
140.637897 35.661182 -24.949771
>
139.738592 34.775917 -1.997867
139.830726 34.855005 -4.423115
139.707797 34.893033 -3.057233
139.738592 34.775917 -1.997867
>
141.780163 34.485005 -9.575270
141.636542 34.508551 -8.867737
141.717542 34.383571 -8.909831
141.780163 34.485005 -9.575270
>
139.687331 35.905547 -29.003993
139.799946 35.945814 -32.253529
139.715335 36.022345 -38.019229
139.687331 35.905547 -29.003993
>
140.840817 34.857966 -10.771429
140.827940 34.981911 -13.378412
140.724258 34.904152 -12.169558
140.840817 34.857966 -10.771429
>
140.840817 34.857966 -10.771429
140.736652 34.779773 -9.702448
140.853384 34.738248 -8.647862
140.840817 34.857966 -10.771429
>
140.667583 36.141900 -34.293779
140.603036 36.025336 -30.586867
140.735732 36.036703 -28.753911
140.667583 36.141900 -34.293779
>
140.565886 35.335295 -20.971950
140.462929 35.259044 -19.561264
140.579901 35.208532 -18.429139
140.565886 35.335295 -20.971950
>
140.944999 34.932638 -11.728307
140.827940 34.981911 -13.378412
140.840817 34.857966 -10.771429
140.944999 34.932638 -11.728307
>
140.528142 34.607755 -5.768299
140.652540 34.577636 -5.826335
140.631120 34.696042 -8.060631
140.528142 34.607755 -5.768299
>
139.348524 35.609885 -21.593865
139.340305 35.485394 -18.375781
139.448494 35.551024 -21.021346
139.348524 35.609885 -21.593865
>
140.860704 35.690852 -24.697995
140.976572 35.634674 -23.875633
140.978643 35.779471 -25.017492
140.860704 35.690852 -24.697995
>
140.537388 35.587075 -24.603195
140.653665 35.536969 -23.806426
140.637897 35.661182 -24.949771
140.537388 35.587075 -24.603195
>
140.724258 34.904152 -12.169558
140.827940 34.981911 -13.378412
140.711182 35.031409 -14.732122
140.724258 34.904152 -12.169558
>
140.931374 35.057211 -14.515427
140.814230 35.108070 -16.067418
140.827940 34.981911 -13.378412
140.931374 35.057211 -14.515427
>
139.777400 35.831309 -27.097892
139.668851 35.783172 -25.908228
139.761616 35.709985 -25.567942
139.777400 35.831309 -27.097892
>
141.307848 35.458628 -19.717197
141.245225 35.571442 -21.816559
141.184912 35.459764 -20.838306
141.307848 35.458628 -19.717197
>
141.185150 34.825678 -9.299462
141.063388 34.881491 -10.207067
141.074867 34.759116 -8.559118
141.185150 34.825678 -9.299462
>
140.002275 35.466698 -23.275830
139.998402 35.603992 -25.126158
139.884259 35.516452 -23.746260
140.002275 35.466698 -23.275830
>
140.995742 34.590735 -6.949023
141.027943 34.479218 -6.306600
141.122756 34.569408 -7.170315
140.995742 34.590735 -6.949023
>
140.421889 35.637271 -25.119931
140.435875 35.511624 -24.015391
140.537388 35.587075 -24.603195
140.421889 35.637271 -25.119931
>
139.778556 35.438436 -21.381291
139.894391 35.390810 -21.075335
139.884259 35.516452 -23.746260
139.778556 35.438436 -21.381291
>
141.048696 35.006197 -12.704428
141.168510 34.954334 -11.162735
141.150717 35.079796 -13.609775
141.048696 35.006197 -12.704428
>
140.713401 35.853241 -25.789004
140.738441 35.736730 -25.168430
140.839429 35.817367 -25.392993
140.713401 35.853241 -25.789004
>
140.476923 35.131805 -16.707864
140.374538 35.055169 -14.731034
140.490946 35.003978 -14.089134
140.476923 35.131805 -16.707864
>
140.476923 35.131805 -16.707864
140.490946 35.003978 -14.089134
140.593790 35.081177 -15.764003
140.476923 35.131805 -16.707864
>
141.245225 35.571442 -21.816559
141.182602 35.684257 -23.418168
141.103908 35.574802 -22.742441
141.245225 35.571442 -21.816559
>
139.332086 35.360903 -12.590385
139.443764 35.291615 -10.994120
139.448154 35.424595 -17.736125
139.332086 35.360903 -12.590385
>
139.761616 35.709985 -25.567942
139.866829 35.643159 -25.282059
139.868899 35.760750 -26.189286
139.761616 35.709985 -25.567942
>
140.799590 35.235010 -18.571953
140.916454 35.183861 -17.184434
140.900895 35.311155 -19.617857
140.799590 35.235010 -18.571953
>
140.565886 35.335295 -20.971950
140.682902 35.285547 -19.797379
140.668451 35.411655 -22.024236
140.565886 35.335295 -20.971950
>
140.005027 34.705385 -3.849618
140.137933 34.682881 -4.702744
140.091037 34.801435 -6.716080
140.005027 34.705385 -3.849618
>
140.931374 35.057211 -14.515427
140.827940 34.981911 -13.378412
140.944999 34.932638 -11.728307
140.931374 35.057211 -14.515427
>
140.900895 35.311155 -19.617857
141.017309 35.259688 -18.142207
140.999400 35.387612 -20.550296
140.900895 35.311155 -19.617857
>
140.668451 35.411655 -22.024236
140.682902 35.285547 -19.797379
140.785482 35.362331 -20.874613
140.668451 35.411655 -22.024236
>
140.321204 35.562114 -24.720296
140.306368 35.688331 -25.449068
140.209642 35.611481 -25.169181
140.321204 35.562114 -24.720296
>
140.537388 35.587075 -24.603195
140.435875 35.511624 -24.015391
140.551771 35.461373 -23.092401
140.537388 35.587075 -24.603195
>
140.682902 35.285547 -19.797379
140.579901 35.208532 -18.429139
140.696974 35.158320 -17.304486
140.682902 35.285547 -19.797379
>
140.637897 35.661182 -24.949771
140.653665 35.536969 -23.806426
140.755811 35.612860 -24.320678
140.637897 35.661182 -24.949771
>
141.074867 34.759116 -8.559118
141.063388 34.881491 -10.207067
140.957671 34.811073 -9.438953
141.074867 34.759116 -8.559118
>
141.245225 35.571442 -21.816559
141.103908 35.574802 -22.742441
141.184912 35.459764 -20.838306
141.245225 35.571442 -21.816559
>
140.999400 35.387612 -20.550296
141.017309 35.259688 -18.142207
141.125164 35.338557 -19.041744
140.999400 35.387612 -20.550296
>
140.944999 34.932638 -11.728307
140.840817 34.857966 -10.771429
140.957671 34.811073 -9.438953
140.944999 34.932638 -11.728307
>
141.048696 35.006197 -12.704428
141.150717 35.079796 -13.609775
141.032356 35.131956 -15.492476
141.048696 35.006197 -12.704428
>
140.900895 35.311155 -19.617857
140.916454 35.183861 -17.184434
141.017309 35.259688 -18.142207
140.900895 35.311155 -19.617857
>
140.682902 35.285547 -19.797379
140.799590 35.235010 -18.571953
140.785482 35.362331 -20.874613
140.682902 35.285547 -19.797379
>
140.738441 35.736730 -25.168430
140.755811 35.612860 -24.320678
140.860704 35.690852 -24.697995
140.738441 35.736730 -25.168430
>
140.738441 35.736730 -25.168430
140.860704 35.690852 -24.697995
140.839429 35.817367 -25.392993
140.738441 35.736730 -25.168430
>
140.916454 35.183861 -17.184434
140.814230 35.108070 -16.067418
140.931374 35.057211 -14.515427
140.916454 35.183861 -17.184434
>
140.726119 36.257076 -37.231584
140.667897 36.373015 -43.148685
140.581056 36.260209 -41.898486
140.726119 36.257076 -37.231584
>
140.799590 35.235010 -18.571953
140.696974 35.158320 -17.304486
140.814230 35.108070 -16.067418
140.799590 35.235010 -18.571953
>
140.551771 35.461373 -23.092401
140.449361 35.385619 -22.092750
140.565886 35.335295 -20.971950
140.551771 35.461373 -23.092401
>
140.840817 34.857966 -10.771429
140.853384 34.738248 -8.647862
140.957671 34.811073 -9.438953
140.840817 34.857966 -10.771429
>
140.219660 35.487320 -23.904271
140.209642 35.611481 -25.169181
140.107202 35.536036 -24.510166
140.219660 35.487320 -23.904271
>
140.115116 35.412760 -22.544650
140.107202 35.536036 -24.510166
140.002275 35.466698 -23.275830
140.115116 35.412760 -22.544650
>
140.799590 35.235010 -18.571953
140.814230 35.108070 -16.067418
140.916454 35.183861 -17.184434
140.799590 35.235010 -18.571953
>
140.537388 35.587075 -24.603195
140.551771 35.461373 -23.092401
140.653665 35.536969 -23.806426
140.537388 35.587075 -24.603195
>
140.682902 35.285547 -19.797379
140.696974 35.158320 -17.304486
140.799590 35.235010 -18.571953
140.682902 35.285547 -19.797379
>
141.150717 35.079796 -13.609775
141.168510 34.954334 -11.162735
141.271589 35.030756 -12.156053
141.150717 35.079796 -13.609775
>
140.620084 35.782547 -25.504462
140.713401 35.853241 -25.789004
140.602857 35.900016 -26.822994
140.620084 35.782547 -25.504462
>
140.931374 35.057211 -14.515427
140.944999 34.932638 -11.728307
141.048696 35.006197 -12.704428
140.931374 35.057211 -14.515427
>
140.490946 35.003978 -14.089134
140.502942 34.875315 -11.740074
140.606812 34.953021 -13.294668
140.490946 35.003978 -14.089134
>
140.565315 36.594881 -54.753620
140.438951 36.593240 -60.155416
140.509472 36.521790 -54.347495
140.565315 36.594881 -54.753620
>
141.185150 34.825678 -9.299462
141.074867 34.759116 -8.559118
141.192432 34.676909 -8.003591
141.185150 34.825678 -9.299462
>
140.209642 35.611481 -25.169181
140.306368 35.688331 -25.449068
140.179370 35.740823 -26.020147
140.209642 35.611481 -25.169181
>
140.860704 35.690852 -24.697995
140.755811 35.612860 -24.320678
140.873486 35.563761 -23.464334
140.860704 35.690852 -24.697995
>
141.048696 35.006197 -12.704428
140.944999 34.932638 -11.728307
141.063388 34.881491 -10.207067
141.048696 35.006197 -12.704428
>
140.421889 35.637271 -25.119931
140.321204 35.562114 -24.720296
140.435875 35.511624 -24.015391
140.421889 35.637271 -25.119931
>
140.860704 35.690852 -24.697995
140.873486 35.563761 -23.464334
140.976572 35.634674 -23.875633
140.860704 35.690852 -24.697995
>
139.777400 35.831309 -27.097892
139.687331 35.905547 -29.003993
139.668851 35.783172 -25.908228
139.777400 35.831309 -27.097892
>
139.715335 36.022345 -38.019229
139.799946 35.945814 -32.253529
139.826336 36.057488 -41.682450
139.715335 36.022345 -38.019229
>
139.687331 35.905547 -29.003993
139.715335 36.022345 -38.019229
139.595537 35.983967 -32.805350
139.687331 35.905547 -29.003993
>
141.048696 35.006197 -12.704428
141.063388 34.881491 -10.207067
141.168510 34.954334 -11.162735
141.048696 35.006197 -12.704428
>
141.185150 34.825678 -9.299462
141.192432 34.676909 -8.003591
141.302188 34.767825 -8.950143
141.185150 34.825678 -9.299462
>
141.063388 34.881491 -10.207067
140.944999 34.932638 -11.728307
140.957671 34.811073 -9.438953
141.063388 34.881491 -10.207067
>
140.579901 35.208532 -18.429139
140.462929 35.259044 -19.561264
140.476923 35.131805 -16.707864
140.579901 35.208532 -18.429139
>
141.168510 34.954334 -11.162735
141.063388 34.881491 -10.207067
141.185150 34.825678 -9.299462
141.168510 34.954334 -11.162735
>
141.184912 35.459764 -20.838306
141.125164 35.338557 -19.041744
141.247546 35.351366 -18.458141
141.184912 35.459764 -20.838306
>
140.916454 35.183861 -17.184434
140.931374 35.057211 -14.515427
141.032356 35.131956 -15.492476
140.916454 35.183861 -17.184434
>
140.490946 35.003978 -14.089134
140.374538 35.055169 -14.731034
140.390673 34.927381 -12.291527
140.490946 35.003978 -14.089134
>
140.551771 35.461373 -23.092401
140.435875 35.511624 -24.015391
140.449361 35.385619 -22.092750
140.551771 35.461373 -23.092401
>
141.017309 35.259688 -18.142207
140.916454 35.183861 -17.184434
141.032356 35.131956 -15.492476
141.017309 35.259688 -18.142207
>
140.565886 35.335295 -20.971950
140.449361 35.385619 -22.092750
140.462929 35.259044 -19.561264
140.565886 35.335295 -20.971950
>
140.653665 35.536969 -23.806426
140.668451 35.411655 -22.024236
140.770672 35.487668 -22.835578
140.653665 35.536969 -23.806426
>
140.799590 35.235010 -18.571953
140.900895 35.311155 -19.617857
140.785482 35.362331 -20.874613
140.799590 35.235010 -18.571953
>
141.375641 34.491734 -7.754495
141.505227 34.444863 -8.077903
141.474666 34.576946 -8.413116
141.375641 34.491734 -7.754495
>
139.799946 35.945814 -32.253529
139.907303 35.984619 -36.090035
139.826336 36.057488 -41.682450
139.799946 35.945814 -32.253529
>
140.931374 35.057211 -14.515427
141.048696 35.006197 -12.704428
141.032356 35.131956 -15.492476
140.931374 35.057211 -14.515427
>
141.244510 34.534716 -7.437045
141.281159 34.402853 -7.139768
141.375641 34.491734 -7.754495
141.244510 34.534716 -7.437045
>
140.579901 35.208532 -18.429139
140.476923 35.131805 -16.707864
140.593790 35.081177 -15.764003
140.579901 35.208532 -18.429139
>
140.696974 35.158320 -17.304486
140.579901 35.208532 -18.429139
140.593790 35.081177 -15.764003
140.696974 35.158320 -17.304486
>
140.374928 36.008291 -34.588517
140.393558 35.887287 -28.136538
140.489128 35.956515 -29.649356
140.374928 36.008291 -34.588517
>
140.711182 35.031409 -14.732122
140.696974 35.158320 -17.304486
140.593790 35.081177 -15.764003
140.711182 35.031409 -14.732122
>
140.755811 35.612860 -24.320678
140.653665 35.536969 -23.806426
140.770672 35.487668 -22.835578
140.755811 35.612860 -24.320678
>
140.476923 35.131805 -16.707864
140.462929 35.259044 -19.561264
140.359436 35.182930 -17.671815
140.476923 35.131805 -16.707864
>
140.668451 35.411655 -22.024236
140.785482 35.362331 -20.874613
140.770672 35.487668 -22.835578
140.668451 35.411655 -22.024236
>
140.593790 35.081177 -15.764003
140.490946 35.003978 -14.089134
140.606812 34.953021 -13.294668
140.593790 35.081177 -15.764003
>
139.797991 35.190656 -13.544308
139.687373 35.122830 -8.851110
139.826874 35.063820 -9.576091
139.797991 35.190656 -13.544308
>
141.271589 35.030756 -12.156053
141.168510 34.954334 -11.162735
141.286411 34.902406 -10.300862
141.271589 35.030756 -12.156053
>
140.421889 35.637271 -25.119931
140.306368 35.688331 -25.449068
140.321204 35.562114 -24.720296
140.421889 35.637271 -25.119931
>
141.407766 34.364671 -7.480160
141.505227 34.444863 -8.077903
141.375641 34.491734 -7.754495
141.407766 34.364671 -7.480160
>
140.219660 35.487320 -23.904271
140.115116 35.412760 -22.544650
140.229663 35.360983 -21.682604
140.219660 35.487320 -23.904271
>
141.185150 34.825678 -9.299462
141.302188 34.767825 -8.950143
141.286411 34.902406 -10.300862
141.185150 34.825678 -9.299462
>
140.435875 35.511624 -24.015391
140.321204 35.562114 -24.720296
140.333639 35.436291 -23.089180
140.435875 35.511624 -24.015391
>
140.321204 35.562114 -24.720296
140.209642 35.611481 -25.169181
140.219660 35.487320 -23.904271
140.321204 35.562114 -24.720296
>
140.476923 35.131805 -16.707864
140.359436 35.182930 -17.671815
140.374538 35.055169 -14.731034
140.476923 35.131805 -16.707864
>
140.900895 35.311155 -19.617857
140.999400 35.387612 -20.550296
140.887139 35.438429 -21.755850
140.900895 35.311155 -19.617857
>
140.407899 35.761920 -25.745595
140.306368 35.688331 -25.449068
140.421889 35.637271 -25.119931
140.407899 35.761920 -25.745595
>
140.374538 35.055169 -14.731034
140.359436 35.182930 -17.671815
140.254389 35.104563 -15.300896
140.374538 35.055169 -14.731034
>
141.168510 34.954334 -11.162735
141.185150 34.825678 -9.299462
141.286411 34.902406 -10.300862
141.168510 34.954334 -11.162735
>
140.008806 35.339420 -20.456271
139.902069 35.268159 -17.516674
140.013333 35.211465 -16.676929
140.008806 35.339420 -20.456271
>
140.459455 36.201301 -43.134284
140.359948 36.131939 -42.146821
140.452309 36.076963 -36.843052
140.459455 36.201301 -43.134284
>
140.449361 35.385619 -22.092750
140.435875 35.511624 -24.015391
140.333639 35.436291 -23.089180
140.449361 35.385619 -22.092750
>
139.961192 34.830218 -5.703017
140.047478 34.927022 -9.164146
139.909820 34.949081 -7.734894
139.961192 34.830218 -5.703017
>
141.032356 35.131956 -15.492476
141.150717 35.079796 -13.609775
141.129585 35.204986 -16.306493
141.032356 35.131956 -15.492476
>
140.359948 36.131939 -42.146821
140.274111 36.062320 -39.626795
140.374928 36.008291 -34.588517
140.359948 36.131939 -42.146821
>
140.008806 35.339420 -20.456271
140.002275 35.466698 -23.275830
139.894391 35.390810 -21.075335
140.008806 35.339420 -20.456271
>
140.873486 35.563761 -23.464334
140.755811 35.612860 -24.320678
140.770672 35.487668 -22.835578
140.873486 35.563761 -23.464334
>
140.219660 35.487320 -23.904271
140.107202 35.536036 -24.510166
140.115116 35.412760 -22.544650
140.219660 35.487320 -23.904271
>
141.017309 35.259688 -18.142207
141.032356 35.131956 -15.492476
141.129585 35.204986 -16.306493
141.017309 35.259688 -18.142207
>
139.761616 35.709985 -25.567942
139.743122 35.571761 -24.031299
139.866829 35.643159 -25.282059
139.761616 35.709985 -25.567942
>
140.606812 34.953021 -13.294668
140.502942 34.875315 -11.740074
140.617752 34.822094 -10.785529
140.606812 34.953021 -13.294668
>
139.761616 35.709985 -25.567942
139.668851 35.783172 -25.908228
139.650641 35.664814 -24.997227
139.761616 35.709985 -25.567942
>
140.115116 35.412760 -22.544650
140.002275 35.466698 -23.275830
140.008806 35.339420 -20.456271
140.115116 35.412760 -22.544650
>
140.407899 35.761920 -25.745595
140.297666 35.814520 -26.799203
140.306368 35.688331 -25.449068
140.407899 35.761920 -25.745595
>
141.125164 35.338557 -19.041744
141.017309 35.259688 -18.142207
141.129585 35.204986 -16.306493
141.125164 35.338557 -19.041744
>
140.711182 35.031409 -14.732122
140.593790 35.081177 -15.764003
140.606812 34.953021 -13.294668
140.711182 35.031409 -14.732122
>
139.465273 35.798259 -25.442561
139.454343 35.674078 -24.194761
139.560461 35.731877 -25.340579
139.465273 35.798259 -25.442561
>
140.770672 35.487668 -22.835578
140.785482 35.362331 -20.874613
140.887139 35.438429 -21.755850
140.770672 35.487668 -22.835578
>
140.374928 36.008291 -34.588517
140.274111 36.062320 -39.626795
140.286746 35.942272 -31.884520
140.374928 36.008291 -34.588517
>
140.306368 35.688331 -25.449068
140.297666 35.814520 -26.799203
140.179370 35.740823 -26.020147
140.306368 35.688331 -25.449068
>
140.393558 35.887287 -28.136538
140.297666 35.814520 -26.799203
140.407899 35.761920 -25.745595
140.393558 35.887287 -28.136538
>
140.393558 35.887287 -28.136538
140.286746 35.942272 -31.884520
140.297666 35.814520 -26.799203
140.393558 35.887287 -28.136538
>
140.374928 36.008291 -34.588517
140.286746 35.942272 -31.884520
140.393558 35.887287 -28.136538
140.374928 36.008291 -34.588517
>
139.777400 35.831309 -27.097892
139.761616 35.709985 -25.567942
139.868899 35.760750 -26.189286
139.777400 35.831309 -27.097892
>
140.219660 35.487320 -23.904271
140.229663 35.360983 -21.682604
140.333639 35.436291 -23.089180
140.219660 35.487320 -23.904271
>
140.489128 35.956515 -29.649356
140.393558 35.887287 -28.136538
140.505919 35.833200 -26.246968
140.489128 35.956515 -29.649356
>
140.407899 35.761920 -25.745595
140.521991 35.710913 -25.308648
140.505919 35.833200 -26.246968
140.407899 35.761920 -25.745595
>
140.724258 34.904152 -12.169558
140.711182 35.031409 -14.732122
140.606812 34.953021 -13.294668
140.724258 34.904152 -12.169558
>
139.902069 35.268159 -17.516674
139.894391 35.390810 -21.075335
139.790346 35.315850 -17.973823
139.902069 35.268159 -17.516674
>
140.873486 35.563761 -23.464334
140.770672 35.487668 -22.835578
140.887139 35.438429 -21.755850
140.873486 35.563761 -23.464334
>
139.743122 35.571761 -24.031299
139.650641 35.664814 -24.997227
139.631082 35.563216 -23.098123
139.743122 35.571761 -24.031299
>
141.122756 34.569408 -7.170315
141.192432 34.676909 -8.003591
141.077030 34.655259 -7.614938
141.122756 34.569408 -7.170315
>
140.321204 35.562114 -24.720296
140.219660 35.487320 -23.904271
140.333639 35.436291 -23.089180
140.321204 35.562114 -24.720296
>
140.932109 36.135515 -29.391117
140.858136 36.253718 -34.267687
140.797882 36.141690 -30.990062
140.932109 36.135515 -29.391117
>
139.991749 35.911819 -31.346852
139.972602 35.802374 -27.089701
140.079584 35.834511 -27.968541
139.991749 35.911819 -31.346852
>
139.797991 35.190656 -13.544308
139.790346 35.315850 -17.973823
139.664027 35.250523 -13.815437
139.797991 35.190656 -13.544308
>
139.826874 35.063820 -9.576091
139.694430 35.006359 -5.175579
139.794212 34.953328 -5.855899
139.826874 35.063820 -9.576091
>
139.687373 35.122830 -8.851110
139.664027 35.250523 -13.815437
139.576632 35.163284 -7.932834
139.687373 35.122830 -8.851110
>
140.736652 34.779773 -9.702448
140.724258 34.904152 -12.169558
140.617752 34.822094 -10.785529
140.736652 34.779773 -9.702448
>
140.449361 35.385619 -22.092750
140.333639 35.436291 -23.089180
140.346068 35.310086 -20.676020
140.449361 35.385619 -22.092750
>
140.008806 35.339420 -20.456271
139.894391 35.390810 -21.075335
139.902069 35.268159 -17.516674
140.008806 35.339420 -20.456271
>
140.617924 36.495047 -48.875908
140.685530 36.593240 -49.554897
140.565315 36.594881 -54.753620
140.617924 36.495047 -48.875908
>
140.028375 36.136957 -46.814530
139.950484 36.207286 -51.306629
139.929645 36.095530 -44.437379
140.028375 36.136957 -46.814530
>
139.886317 35.872781 -28.974010
139.777400 35.831309 -27.097892
139.868899 35.760750 -26.189286
139.886317 35.872781 -28.974010
>
139.761616 35.709985 -25.567942
139.650641 35.664814 -24.997227
139.743122 35.571761 -24.031299
139.761616 35.709985 -25.567942
>
139.902069 35.268159 -17.516674
139.790346 35.315850 -17.973823
139.797991 35.190656 -13.544308
139.902069 35.268159 -17.516674
>
140.393558 35.887287 -28.136538
140.407899 35.761920 -25.745595
140.505919 35.833200 -26.246968
140.393558 35.887287 -28.136538
>
140.724258 34.904152 -12.169558
140.606812 34.953021 -13.294668
140.617752 34.822094 -10.785529
140.724258 34.904152 -12.169558
>
140.359436 35.182930 -17.671815
140.462929 35.259044 -19.561264
140.346068 35.310086 -20.676020
140.359436 35.182930 -17.671815
>
140.866293 36.028680 -27.344673
140.932109 36.135515 -29.391117
140.797882 36.141690 -30.990062
140.866293 36.028680 -27.344673
>
139.886317 35.872781 -28.974010
139.799946 35.945814 -32.253529
139.777400 35.831309 -27.097892
139.886317 35.872781 -28.974010
>
139.797991 35.190656 -13.544308
139.664027 35.250523 -13.815437
139.687373 35.122830 -8.851110
139.797991 35.190656 -13.544308
>
140.901336 34.517400 -6.049180
140.995742 34.590735 -6.949023
140.874181 34.626061 -7.088787
140.901336 34.517400 -6.049180
>
140.858136 36.253718 -34.267687
140.726119 36.257076 -37.231584
140.797882 36.141690 -30.990062
140.858136 36.253718 -34.267687
>
140.229663 35.360983 -21.682604
140.115116 35.412760 -22.544650
140.122805 35.285474 -19.578253
140.229663 35.360983 -21.682604
>
140.008806 35.339420 -20.456271
140.013333 35.211465 -16.676929
140.122805 35.285474 -19.578253
140.008806 35.339420 -20.456271
>
140.785482 35.362331 -20.874613
140.900895 35.311155 -19.617857
140.887139 35.438429 -21.755850
140.785482 35.362331 -20.874613
>
140.079584 35.834511 -27.968541
139.972602 35.802374 -27.089701
140.048667 35.721406 -25.938511
140.079584 35.834511 -27.968541
>
140.603036 36.025336 -30.586867
140.489128 35.956515 -29.649356
140.602857 35.900016 -26.822994
140.603036 36.025336 -30.586867
>
140.887139 35.438429 -21.755850
140.999400 35.387612 -20.550296
140.988872 35.514432 -22.464220
140.887139 35.438429 -21.755850
>
139.465756 35.150941 -4.883376
139.576632 35.163284 -7.932834
139.546071 35.254219 -11.487296
139.465756 35.150941 -4.883376
>
140.333639 35.436291 -23.089180
140.229663 35.360983 -21.682604
140.346068 35.310086 -20.676020
140.333639 35.436291 -23.089180
>
140.866293 36.028680 -27.344673
140.735732 36.036703 -28.753911
140.793939 35.933322 -26.326151
140.866293 36.028680 -27.344673
>
139.841683 36.314916 -60.685533
139.737571 36.303180 -60.861679
139.792606 36.228565 -53.400266
139.841683 36.314916 -60.685533
>
141.310223 35.244876 -15.753999
141.370471 35.345813 -17.588333
141.247546 35.351366 -18.458141
141.310223 35.244876 -15.753999
>
141.493213 35.110412 -13.174222
141.431842 35.228112 -15.290109
141.359511 35.124043 -13.372561
141.493213 35.110412 -13.174222
>
139.886317 35.872781 -28.974010
139.907303 35.984619 -36.090035
139.799946 35.945814 -32.253529
139.886317 35.872781 -28.974010
>
140.254389 35.104563 -15.300896
140.359436 35.182930 -17.671815
140.240689 35.233965 -18.644185
140.254389 35.104563 -15.300896
>
139.991749 35.911819 -31.346852
139.886317 35.872781 -28.974010
139.972602 35.802374 -27.089701
139.991749 35.911819 -31.346852
>
139.991749 35.911819 -31.346852
139.907303 35.984619 -36.090035
139.886317 35.872781 -28.974010
139.991749 35.911819 -31.346852
>
139.777400 35.831309 -27.097892
139.799946 35.945814 -32.253529
139.687331 35.905547 -29.003993
139.777400 35.831309 -27.097892
>
140.115116 35.412760 -22.544650
140.008806 35.339420 -20.456271
140.122805 35.285474 -19.578253
140.115116 35.412760 -22.544650
>
140.048069 36.252299 -53.506458
140.028375 36.136957 -46.814530
140.126988 36.167306 -47.851156
140.048069 36.252299 -53.506458
>
140.976572 35.634674 -23.875633
140.873486 35.563761 -23.464334
140.988872 35.514432 -22.464220
140.976572 35.634674 -23.875633
>
140.462929 35.259044 -19.561264
140.449361 35.385619 -22.092750
140.346068 35.310086 -20.676020
140.462929 35.259044 -19.561264
>
140.359436 35.182930 -17.671815
140.346068 35.310086 -20.676020
140.240689 35.233965 -18.644185
140.359436 35.182930 -17.671815
>
139.340305 35.485394 -18.375781
139.332086 35.360903 -12.590385
139.448154 35.424595 -17.736125
139.340305 35.485394 -18.375781
>
141.307848 35.458628 -19.717197
141.184912 35.459764 -20.838306
141.247546 35.351366 -18.458141
141.307848 35.458628 -19.717197
>
141.636542 34.508551 -8.867737
141.728744 34.621158 -9.737447
141.595196 34.636456 -9.164095
141.636542 34.508551 -8.867737
>
139.448494 35.551024 -21.021346
139.340305 35.485394 -18.375781
139.448154 35.424595 -17.736125
139.448494 35.551024 -21.021346
>
141.407766 34.364671 -7.480160
141.526575 34.326678 -7.744691
141.505227 34.444863 -8.077903
141.407766 34.364671 -7.480160
>
140.873486 35.563761 -23.464334
140.887139 35.438429 -21.755850
140.988872 35.514432 -22.464220
140.873486 35.563761 -23.464334
>
139.972602 35.802374 -27.089701
139.886317 35.872781 -28.974010
139.868899 35.760750 -26.189286
139.972602 35.802374 -27.089701
>
140.009826 36.024281 -39.426556
139.929645 36.095530 -44.437379
139.907303 35.984619 -36.090035
140.009826 36.024281 -39.426556
>
140.853384 34.738248 -8.647862
140.752584 34.660135 -7.484860
140.874181 34.626061 -7.088787
140.853384 34.738248 -8.647862
>
140.793939 35.933322 -26.326151
140.735732 36.036703 -28.753911
140.685570 35.949260 -27.175197
140.793939 35.933322 -26.326151
>
140.346068 35.310086 -20.676020
140.229663 35.360983 -21.682604
140.240689 35.233965 -18.644185
140.346068 35.310086 -20.676020
>
139.894391 35.390810 -21.075335
140.002275 35.466698 -23.275830
139.884259 35.516452 -23.746260
139.894391 35.390810 -21.075335
>
140.028375 36.136957 -46.814530
139.929645 36.095530 -44.437379
140.009826 36.024281 -39.426556
140.028375 36.136957 -46.814530
>
139.826874 35.063820 -9.576091
139.687373 35.122830 -8.851110
139.694430 35.006359 -5.175579
139.826874 35.063820 -9.576091
>
139.830726 34.855005 -4.423115
139.872122 34.727889 -2.907086
139.961192 34.830218 -5.703017
139.830726 34.855005 -4.423115
>
140.403744 34.637873 -5.689526
140.528142 34.607755 -5.768299
140.514711 34.739150 -8.781605
140.403744 34.637873 -5.689526
>
140.009826 36.024281 -39.426556
139.907303 35.984619 -36.090035
139.991749 35.911819 -31.346852
140.009826 36.024281 -39.426556
>
139.448154 35.424595 -17.736125
139.443764 35.291615 -10.994120
139.572802 35.363776 -17.131746
139.448154 35.424595 -17.736125
>
141.831581 34.348852 -9.424903
141.780163 34.485005 -9.575270
141.717542 34.383571 -8.909831
141.831581 34.348852 -9.424903
>
140.348667 36.255850 -48.448564
140.359948 36.131939 -42.146821
140.459455 36.201301 -43.134284
140.348667 36.255850 -48.448564
>
140.436519 36.455837 -54.462971
140.457852 36.321923 -48.221595
140.544482 36.404779 -48.471426
140.436519 36.455837 -54.462971
>
139.336029 35.066968 -1.135301
139.338000 34.920000 -1.498972
139.455657 35.002489 -1.646936
139.336029 35.066968 -1.135301
>
139.443764 35.291615 -10.994120
139.334057 35.213935 -4.358728
139.465756 35.150941 -4.883376
139.443764 35.291615 -10.994120
>
139.338000 34.920000 -1.498972
139.471530 34.871972 -1.557647
139.455657 35.002489 -1.646936
139.338000 34.920000 -1.498972
>
140.229663 35.360983 -21.682604
140.122805 35.285474 -19.578253
140.240689 35.233965 -18.644185
140.229663 35.360983 -21.682604
>
139.872122 34.727889 -2.907086
140.005027 34.705385 -3.849618
139.961192 34.830218 -5.703017
139.872122 34.727889 -2.907086
>
141.636542 34.508551 -8.867737
141.505227 34.444863 -8.077903
141.608250 34.401476 -8.395575
141.636542 34.508551 -8.867737
>
140.404566 34.795820 -9.622729
140.390673 34.927381 -12.291527
140.296958 34.850967 -10.083127
140.404566 34.795820 -9.622729
>
140.631120 34.696042 -8.060631
140.652540 34.577636 -5.826335
140.752584 34.660135 -7.484860
140.631120 34.696042 -8.060631
>
139.560461 35.731877 -25.340579
139.454343 35.674078 -24.194761
139.547999 35.615446 -23.606459
139.560461 35.731877 -25.340579
>
140.270838 34.660377 -5.284486
140.403744 34.637873 -5.689526
140.318349 34.743353 -7.647649
140.270838 34.660377 -5.284486
>
140.091037 34.801435 -6.716080
140.047478 34.927022 -9.164146
139.961192 34.830218 -5.703017
140.091037 34.801435 -6.716080
>
140.190729 36.000753 -36.755934
140.274111 36.062320 -39.626795
140.191373 36.104866 -43.731090
140.190729 36.000753 -36.755934
>
140.286746 35.942272 -31.884520
140.190729 36.000753 -36.755934
140.190255 35.878297 -29.265710
140.286746 35.942272 -31.884520
>
140.390673 34.927381 -12.291527
140.374538 35.055169 -14.731034
140.273825 34.976160 -12.555336
140.390673 34.927381 -12.291527
>
141.431842 35.228112 -15.290109
141.310223 35.244876 -15.753999
141.359511 35.124043 -13.372561
141.431842 35.228112 -15.290109
>
139.664027 35.250523 -13.815437
139.790346 35.315850 -17.973823
139.693549 35.367179 -18.585199
139.664027 35.250523 -13.815437
>
141.370471 35.345813 -17.588333
141.307848 35.458628 -19.717197
141.247546 35.351366 -18.458141
141.370471 35.345813 -17.588333
>
140.978643 35.779471 -25.017492
140.976572 35.634674 -23.875633
141.072152 35.695636 -24.094842
140.978643 35.779471 -25.017492
>
141.125164 35.338557 -19.041744
141.184912 35.459764 -20.838306
141.077020 35.463411 -21.412897
141.125164 35.338557 -19.041744
>
140.489128 35.956515 -29.649356
140.505919 35.833200 -26.246968
140.602857 35.900016 -26.822994
140.489128 35.956515 -29.649356
>
139.751137 36.131567 -45.985631
139.826336 36.057488 -41.682450
139.855542 36.162548 -48.372376
139.751137 36.131567 -45.985631
>
140.874181 34.626061 -7.088787
140.995742 34.590735 -6.949023
140.971202 34.697063 -7.931105
140.874181 34.626061 -7.088787
>
140.082782 36.379467 -60.960547
140.048069 36.252299 -53.506458
140.146081 36.259903 -52.535156
140.082782 36.379467 -60.960547
>
139.454343 35.674078 -24.194761
139.448494 35.551024 -21.021346
139.547999 35.615446 -23.606459
139.454343 35.674078 -24.194761
>
139.830726 34.855005 -4.423115
139.961192 34.830218 -5.703017
139.909820 34.949081 -7.734894
139.830726 34.855005 -4.423115
>
140.179370 35.740823 -26.020147
140.297666 35.814520 -26.799203
140.190255 35.878297 -29.265710
140.179370 35.740823 -26.020147
>
139.797991 35.190656 -13.544308
139.826874 35.063820 -9.576091
139.907544 35.160753 -13.958166
139.797991 35.190656 -13.544308
>
140.505919 35.833200 -26.246968
140.620084 35.782547 -25.504462
140.602857 35.900016 -26.822994
140.505919 35.833200 -26.246968
>
140.179370 35.740823 -26.020147
140.048667 35.721406 -25.938511
140.110881 35.639992 -25.374862
140.179370 35.740823 -26.020147
>
141.103908 35.574802 -22.742441
141.182602 35.684257 -23.418168
141.072152 35.695636 -24.094842
141.103908 35.574802 -22.742441
>
140.209642 35.611481 -25.169181
140.179370 35.740823 -26.020147
140.110881 35.639992 -25.374862
140.209642 35.611481 -25.169181
>
139.998402 35.603992 -25.126158
140.107202 35.536036 -24.510166
140.110881 35.639992 -25.374862
139.998402 35.603992 -25.126158
>
139.743122 35.571761 -24.031299
139.631082 35.563216 -23.098123
139.662011 35.467310 -21.034529
139.743122 35.571761 -24.031299
>
140.528142 34.607755 -5.768299
140.631120 34.696042 -8.060631
140.514711 34.739150 -8.781605
140.528142 34.607755 -5.768299
>
140.013333 35.211465 -16.676929
139.902069 35.268159 -17.516674
139.907544 35.160753 -13.958166
140.013333 35.211465 -16.676929
>
140.457852 36.321923 -48.221595
140.348667 36.255850 -48.448564
140.459455 36.201301 -43.134284
140.457852 36.321923 -48.221595
>
140.254389 35.104563 -15.300896
140.240689 35.233965 -18.644185
140.129222 35.154251 -15.840500
140.254389 35.104563 -15.300896
>
140.122805 35.285474 -19.578253
140.013333 35.211465 -16.676929
140.129222 35.154251 -15.840500
140.122805 35.285474 -19.578253
>
139.492533 36.081274 -41.695808
139.566202 36.196142 -49.186852
139.457214 36.199632 -48.501643
139.492533 36.081274 -41.695808
>
141.717542 34.383571 -8.909831
141.636542 34.508551 -8.867737
141.608250 34.401476 -8.395575
141.717542 34.383571 -8.909831
>
139.826336 36.057488 -41.682450
139.929645 36.095530 -44.437379
139.855542 36.162548 -48.372376
139.826336 36.057488 -41.682450
>
139.471530 34.871972 -1.557647
139.583760 34.943646 -1.937035
139.455657 35.002489 -1.646936
139.471530 34.871972 -1.557647
>
139.364963 36.291443 -61.537110
139.364963 36.147251 -44.711300
139.457214 36.199632 -48.501643
139.364963 36.291443 -61.537110
>
141.103908 35.574802 -22.742441
140.988872 35.514432 -22.464220
141.077020 35.463411 -21.412897
141.103908 35.574802 -22.742441
>
140.404566 34.795820 -9.622729
140.296958 34.850967 -10.083127
140.318349 34.743353 -7.647649
140.404566 34.795820 -9.622729
>
140.999400 35.387612 -20.550296
141.125164 35.338557 -19.041744
141.077020 35.463411 -21.412897
140.999400 35.387612 -20.550296
>
141.129585 35.204986 -16.306493
141.150717 35.079796 -13.609775
141.239438 35.157614 -14.546973
141.129585 35.204986 -16.306493
>
139.631082 35.563216 -23.098123
139.551637 35.496748 -20.671743
139.662011 35.467310 -21.034529
139.631082 35.563216 -23.098123
>
140.240689 35.233965 -18.644185
140.122805 35.285474 -19.578253
140.129222 35.154251 -15.840500
140.240689 35.233965 -18.644185
>
140.374538 35.055169 -14.731034
140.254389 35.104563 -15.300896
140.273825 34.976160 -12.555336
140.374538 35.055169 -14.731034
>
140.005027 34.705385 -3.849618
140.091037 34.801435 -6.716080
139.961192 34.830218 -5.703017
140.005027 34.705385 -3.849618
>
139.499212 36.291443 -61.168952
139.364963 36.291443 -61.537110
139.457214 36.199632 -48.501643
139.499212 36.291443 -61.168952
>
140.553342 36.140408 -37.417540
140.459455 36.201301 -43.134284
140.452309 36.076963 -36.843052
140.553342 36.140408 -37.417540
>
139.868899 35.760750 -26.189286
139.866829 35.643159 -25.282059
139.951080 35.706336 -25.778824
139.868899 35.760750 -26.189286
>
140.048667 35.721406 -25.938511
139.972602 35.802374 -27.089701
139.951080 35.706336 -25.778824
140.048667 35.721406 -25.938511
>
139.792606 36.228565 -53.400266
139.685903 36.209162 -51.357484
139.751137 36.131567 -45.985631
139.792606 36.228565 -53.400266
>
141.074867 34.759116 -8.559118
140.957671 34.811073 -9.438953
140.971202 34.697063 -7.931105
141.074867 34.759116 -8.559118
>
140.374928 36.008291 -34.588517
140.489128 35.956515 -29.649356
140.452309 36.076963 -36.843052
140.374928 36.008291 -34.588517
>
140.652540 34.577636 -5.826335
140.776938 34.547518 -5.907277
140.752584 34.660135 -7.484860
140.652540 34.577636 -5.826335
>
139.790346 35.315850 -17.973823
139.778556 35.438436 -21.381291
139.693549 35.367179 -18.585199
139.790346 35.315850 -17.973823
>
140.713401 35.853241 -25.789004
140.793939 35.933322 -26.326151
140.685570 35.949260 -27.175197
140.713401 35.853241 -25.789004
>
140.047478 34.927022 -9.164146
139.997299 35.069554 -12.252688
139.909820 34.949081 -7.734894
140.047478 34.927022 -9.164146
>
140.107025 36.064418 -41.863310
140.190729 36.000753 -36.755934
140.191373 36.104866 -43.731090
140.107025 36.064418 -41.863310
>
139.991749 35.911819 -31.346852
140.079584 35.834511 -27.968541
140.094861 35.952347 -34.004331
139.991749 35.911819 -31.346852
>
139.950484 36.207286 -51.306629
139.945794 36.326653 -60.125668
139.877500 36.247146 -54.741472
139.950484 36.207286 -51.306629
>
140.028375 36.136957 -46.814530
140.009826 36.024281 -39.426556
140.107025 36.064418 -41.863310
140.028375 36.136957 -46.814530
>
141.129585 35.204986 -16.306493
141.239438 35.157614 -14.546973
141.212529 35.262306 -16.864469
141.129585 35.204986 -16.306493
>
140.126988 36.167306 -47.851156
140.028375 36.136957 -46.814530
140.107025 36.064418 -41.863310
140.126988 36.167306 -47.851156
>
139.715335 36.022345 -38.019229
139.826336 36.057488 -41.682450
139.751137 36.131567 -45.985631
139.715335 36.022345 -38.019229
>
141.074867 34.759116 -8.559118
140.971202 34.697063 -7.931105
141.077030 34.655259 -7.614938
141.074867 34.759116 -8.559118
>
139.595537 35.983967 -32.805350
139.715335 36.022345 -38.019229
139.634441 36.104076 -43.810933
139.595537 35.983967 -32.805350
>
139.334057 35.213935 -4.358728
139.336029 35.066968 -1.135301
139.465756 35.150941 -4.883376
139.334057 35.213935 -4.358728
>
141.302188 34.767825 -8.950143
141.422941 34.723959 -8.978723
141.380970 34.847786 -9.875871
141.302188 34.767825 -8.950143
>
141.526575 34.326678 -7.744691
141.645383 34.288685 -8.227312
141.608250 34.401476 -8.395575
141.526575 34.326678 -7.744691
>
139.364963 36.147251 -44.711300
139.492533 36.081274 -41.695808
139.457214 36.199632 -48.501643
139.364963 36.147251 -44.711300
>
140.752584 34.660135 -7.484860
140.776938 34.547518 -5.907277
140.874181 34.626061 -7.088787
140.752584 34.660135 -7.484860
>
140.297666 35.814520 -26.799203
140.286746 35.942272 -31.884520
140.190255 35.878297 -29.265710
140.297666 35.814520 -26.799203
>
139.448154 35.424595 -17.736125
139.572802 35.363776 -17.131746
139.551637 35.496748 -20.671743
139.448154 35.424595 -17.736125
>
139.576632 35.163284 -7.932834
139.664027 35.250523 -13.815437
139.546071 35.254219 -11.487296
139.576632 35.163284 -7.932834
>
139.336029 35.066968 -1.135301
139.455657 35.002489 -1.646936
139.465756 35.150941 -4.883376
139.336029 35.066968 -1.135301
>
139.792606 36.228565 -53.400266
139.751137 36.131567 -45.985631
139.855542 36.162548 -48.372376
139.792606 36.228565 -53.400266
>
139.902069 35.268159 -17.516674
139.797991 35.190656 -13.544308
139.907544 35.160753 -13.958166
139.902069 35.268159 -17.516674
>
140.839429 35.817367 -25.392993
140.923192 35.914659 -25.858709
140.793939 35.933322 -26.326151
140.839429 35.817367 -25.392993
>
139.685903 36.209162 -51.357484
139.566202 36.196142 -49.186852
139.634441 36.104076 -43.810933
139.685903 36.209162 -51.357484
>
139.945794 36.326653 -60.125668
139.841683 36.314916 -60.685533
139.877500 36.247146 -54.741472
139.945794 36.326653 -60.125668
>
140.713401 35.853241 -25.789004
140.839429 35.817367 -25.392993
140.793939 35.933322 -26.326151
140.713401 35.853241 -25.789004
>
140.617924 36.495047 -48.875908
140.565315 36.594881 -54.753620
140.509472 36.521790 -54.347495
140.617924 36.495047 -48.875908
>
141.192432 34.676909 -8.003591
141.074867 34.759116 -8.559118
141.077030 34.655259 -7.614938
141.192432 34.676909 -8.003591
>
140.178701 34.891359 -9.868405
140.215636 34.771729 -7.395606
140.296958 34.850967 -10.083127
140.178701 34.891359 -9.868405
>
140.923192 35.914659 -25.858709
140.866293 36.028680 -27.344673
140.793939 35.933322 -26.326151
140.923192 35.914659 -25.858709
>
141.182602 35.684257 -23.418168
141.119978 35.797071 -24.618966
141.072152 35.695636 -24.094842
141.182602 35.684257 -23.418168
>
141.505227 34.444863 -8.077903
141.526575 34.326678 -7.744691
141.608250 34.401476 -8.395575
141.505227 34.444863 -8.077903
>
139.650641 35.664814 -24.997227
139.668851 35.783172 -25.908228
139.560461 35.731877 -25.340579
139.650641 35.664814 -24.997227
>
139.972602 35.802374 -27.089701
139.868899 35.760750 -26.189286
139.951080 35.706336 -25.778824
139.972602 35.802374 -27.089701
>
140.107025 36.064418 -41.863310
140.009826 36.024281 -39.426556
140.094861 35.952347 -34.004331
140.107025 36.064418 -41.863310
>
141.184912 35.459764 -20.838306
141.103908 35.574802 -22.742441
141.077020 35.463411 -21.412897
141.184912 35.459764 -20.838306
>
140.776938 34.547518 -5.907277
140.901336 34.517400 -6.049180
140.874181 34.626061 -7.088787
140.776938 34.547518 -5.907277
>
139.448494 35.551024 -21.021346
139.448154 35.424595 -17.736125
139.551637 35.496748 -20.671743
139.448494 35.551024 -21.021346
>
140.602857 35.900016 -26.822994
140.713401 35.853241 -25.789004
140.685570 35.949260 -27.175197
140.602857 35.900016 -26.822994
>
141.150717 35.079796 -13.609775
141.271589 35.030756 -12.156053
141.239438 35.157614 -14.546973
141.150717 35.079796 -13.609775
>
140.390673 34.927381 -12.291527
140.273825 34.976160 -12.555336
140.296958 34.850967 -10.083127
140.390673 34.927381 -12.291527
>
140.190729 36.000753 -36.755934
140.107025 36.064418 -41.863310
140.094861 35.952347 -34.004331
140.190729 36.000753 -36.755934
>
139.650641 35.664814 -24.997227
139.560461 35.731877 -25.340579
139.547999 35.615446 -23.606459
139.650641 35.664814 -24.997227
>
139.583760 34.943646 -1.937035
139.707797 34.893033 -3.057233
139.694430 35.006359 -5.175579
139.583760 34.943646 -1.937035
>
141.645383 34.288685 -8.227312
141.717542 34.383571 -8.909831
141.608250 34.401476 -8.395575
141.645383 34.288685 -8.227312
>
140.048069 36.252299 -53.506458
140.126988 36.167306 -47.851156
140.146081 36.259903 -52.535156
140.048069 36.252299 -53.506458
>
141.359511 35.124043 -13.372561
141.310223 35.244876 -15.753999
141.239438 35.157614 -14.546973
141.359511 35.124043 -13.372561
>
139.694430 35.006359 -5.175579
139.707797 34.893033 -3.057233
139.794212 34.953328 -5.855899
139.694430 35.006359 -5.175579
>
139.909820 34.949081 -7.734894
139.826874 35.063820 -9.576091
139.794212 34.953328 -5.855899
139.909820 34.949081 -7.734894
>
141.239438 35.157614 -14.546973
141.310223 35.244876 -15.753999
141.212529 35.262306 -16.864469
141.239438 35.157614 -14.546973
>
140.359948 36.131939 -42.146821
140.374928 36.008291 -34.588517
140.452309 36.076963 -36.843052
140.359948 36.131939 -42.146821
>
141.271589 35.030756 -12.156053
141.359511 35.124043 -13.372561
141.239438 35.157614 -14.546973
141.271589 35.030756 -12.156053
>
141.286411 34.902406 -10.300862
141.302188 34.767825 -8.950143
141.380970 34.847786 -9.875871
141.286411 34.902406 -10.300862
>
140.853384 34.738248 -8.647862
140.874181 34.626061 -7.088787
140.971202 34.697063 -7.931105
140.853384 34.738248 -8.647862
>
140.735732 36.036703 -28.753911
140.603036 36.025336 -30.586867
140.685570 35.949260 -27.175197
140.735732 36.036703 -28.753911
>
140.273825 34.976160 -12.555336
140.178701 34.891359 -9.868405
140.296958 34.850967 -10.083127
140.273825 34.976160 -12.555336
>
139.631082 35.563216 -23.098123
139.650641 35.664814 -24.997227
139.547999 35.615446 -23.606459
139.631082 35.563216 -23.098123
>
139.465756 35.150941 -4.883376
139.455657 35.002489 -1.646936
139.568085 35.064079 -4.315346
139.465756 35.150941 -4.883376
>
141.125164 35.338557 -19.041744
141.129585 35.204986 -16.306493
141.212529 35.262306 -16.864469
141.125164 35.338557 -19.041744
>
139.568085 35.064079 -4.315346
139.583760 34.943646 -1.937035
139.694430 35.006359 -5.175579
139.568085 35.064079 -4.315346
>
140.241004 36.185392 -47.399886
140.126988 36.167306 -47.851156
140.191373 36.104866 -43.731090
140.241004 36.185392 -47.399886
>
140.957671 34.811073 -9.438953
140.853384 34.738248 -8.647862
140.971202 34.697063 -7.931105
140.957671 34.811073 -9.438953
>
140.296958 34.850967 -10.083127
140.215636 34.771729 -7.395606
140.318349 34.743353 -7.647649
140.296958 34.850967 -10.083127
>
139.929645 36.095530 -44.437379
139.950484 36.207286 -51.306629
139.855542 36.162548 -48.372376
139.929645 36.095530 -44.437379
>
139.668851 35.783172 -25.908228
139.575657 35.855496 -26.544273
139.560461 35.731877 -25.340579
139.668851 35.783172 -25.908228
>
140.274111 36.062320 -39.626795
140.241004 36.185392 -47.399886
140.191373 36.104866 -43.731090
140.274111 36.062320 -39.626795
>
139.575657 35.855496 -26.544273
139.465273 35.798259 -25.442561
139.560461 35.731877 -25.340579
139.575657 35.855496 -26.544273
>
140.971202 34.697063 -7.931105
140.995742 34.590735 -6.949023
141.077030 34.655259 -7.614938
140.971202 34.697063 -7.931105
>
139.566202 36.196142 -49.186852
139.499212 36.291443 -61.168952
139.457214 36.199632 -48.501643
139.566202 36.196142 -49.186852
>
139.707797 34.893033 -3.057233
139.830726 34.855005 -4.423115
139.794212 34.953328 -5.855899
139.707797 34.893033 -3.057233
>
141.595196 34.636456 -9.164095
141.549759 34.757282 -9.635456
141.510641 34.673661 -8.990063
141.595196 34.636456 -9.164095
>
140.107202 35.536036 -24.510166
140.209642 35.611481 -25.169181
140.110881 35.639992 -25.374862
140.107202 35.536036 -24.510166
>
140.215636 34.771729 -7.395606
140.270838 34.660377 -5.284486
140.318349 34.743353 -7.647649
140.215636 34.771729 -7.395606
>
140.009826 36.024281 -39.426556
139.991749 35.911819 -31.346852
140.094861 35.952347 -34.004331
140.009826 36.024281 -39.426556
>
139.576632 35.163284 -7.932834
139.465756 35.150941 -4.883376
139.568085 35.064079 -4.315346
139.576632 35.163284 -7.932834
>
140.995742 34.590735 -6.949023
141.122756 34.569408 -7.170315
141.077030 34.655259 -7.614938
140.995742 34.590735 -6.949023
>
140.988872 35.514432 -22.464220
140.999400 35.387612 -20.550296
141.077020 35.463411 -21.412897
140.988872 35.514432 -22.464220
>
141.474666 34.576946 -8.413116
141.595196 34.636456 -9.164095
141.510641 34.673661 -8.990063
141.474666 34.576946 -8.413116
>
141.247546 35.351366 -18.458141
141.125164 35.338557 -19.041744
141.212529 35.262306 -16.864469
141.247546 35.351366 -18.458141
>
139.572802 35.363776 -17.131746
139.443764 35.291615 -10.994120
139.546071 35.254219 -11.487296
139.572802 35.363776 -17.131746
>
141.310223 35.244876 -15.753999
141.247546 35.351366 -18.458141
141.212529 35.262306 -16.864469
141.310223 35.244876 -15.753999
>
139.841683 36.314916 -60.685533
139.792606 36.228565 -53.400266
139.877500 36.247146 -54.741472
139.841683 36.314916 -60.685533
>
140.603036 36.025336 -30.586867
140.602857 35.900016 -26.822994
140.685570 35.949260 -27.175197
140.603036 36.025336 -30.586867
>
141.549759 34.757282 -9.635456
141.422941 34.723959 -8.978723
141.510641 34.673661 -8.990063
141.549759 34.757282 -9.635456
>
139.830726 34.855005 -4.423115
139.909820 34.949081 -7.734894
139.794212 34.953328 -5.855899
139.830726 34.855005 -4.423115
>
139.693549 35.367179 -18.585199
139.778556 35.438436 -21.381291
139.662011 35.467310 -21.034529
139.693549 35.367179 -18.585199
>
139.455657 35.002489 -1.646936
139.583760 34.943646 -1.937035
139.568085 35.064079 -4.315346
139.455657 35.002489 -1.646936
>
140.126988 36.167306 -47.851156
140.107025 36.064418 -41.863310
140.191373 36.104866 -43.731090
140.126988 36.167306 -47.851156
>
139.792606 36.228565 -53.400266
139.855542 36.162548 -48.372376
139.877500 36.247146 -54.741472
139.792606 36.228565 -53.400266
>
139.855542 36.162548 -48.372376
139.950484 36.207286 -51.306629
139.877500 36.247146 -54.741472
139.855542 36.162548 -48.372376
>
139.313298 35.105794 -1.127764
139.322692 35.233348 -4.934866
139.250964 35.180075 -1.640233
139.313298 35.105794 -1.127764
>
139.262791 36.100616 -42.474761
139.161974 35.976788 -28.900228
139.273767 35.930973 -27.100004
139.262791 36.100616 -42.474761
>
139.142202 36.103177 -42.573360
139.161974 35.976788 -28.900228
139.262791 36.100616 -42.474761
139.142202 36.103177 -42.573360
>
139.364963 36.147251 -44.711300
139.364963 36.291443 -61.537110
139.296326 36.207639 -48.064334
139.364963 36.147251 -44.711300
>
139.114867 36.218943 -49.138664
139.142202 36.103177 -42.573360
139.213108 36.203955 -47.404382
139.114867 36.218943 -49.138664
>
139.114867 36.218943 -49.138664
139.043081 36.139466 -44.259174
139.142202 36.103177 -42.573360
139.114867 36.218943 -49.138664
>
139.250964 35.180075 -1.640233
139.322692 35.233348 -4.934866
139.261843 35.301178 -6.999404
139.250964 35.180075 -1.640233
>
139.251082 35.413176 -14.234080
139.175370 35.350732 -8.391715
139.261843 35.301178 -6.999404
139.251082 35.413176 -14.234080
>
139.188629 35.254355 -2.974129
139.250964 35.180075 -1.640233
139.261843 35.301178 -6.999404
139.188629 35.254355 -2.974129
>
139.364963 36.003060 -31.751009
139.262791 36.100616 -42.474761
139.273767 35.930973 -27.100004
139.364963 36.003060 -31.751009
>
139.275808 36.294931 -62.218536
139.186652 36.298420 -63.020595
139.213108 36.203955 -47.404382
139.275808 36.294931 -62.218536
>
139.043081 35.716444 -22.151598
139.027699 35.570309 -17.708567
139.136868 35.625249 -19.982981
139.043081 35.716444 -22.151598
>
139.027699 35.570309 -17.708567
139.112513 35.506918 -16.642487
139.136868 35.625249 -19.982981
139.027699 35.570309 -17.708567
>
139.043081 36.139466 -44.259174
139.050772 36.001022 -31.139737
139.142202 36.103177 -42.573360
139.043081 36.139466 -44.259174
>
139.332086 35.360903 -12.590385
139.251082 35.413176 -14.234080
139.261843 35.301178 -6.999404
139.332086 35.360903 -12.590385
>
139.058464 35.862579 -25.601514
139.158002 35.751416 -23.956343
139.183847 35.862361 -25.665822
139.058464 35.862579 -25.601514
>
139.058464 35.862579 -25.601514
139.043081 35.716444 -22.151598
139.158002 35.751416 -23.956343
139.058464 35.862579 -25.601514
>
139.322692 35.233348 -4.934866
139.332086 35.360903 -12.590385
139.261843 35.301178 -6.999404
139.322692 35.233348 -4.934866
>
139.186652 36.298420 -63.020595
139.114867 36.218943 -49.138664
139.213108 36.203955 -47.404382
139.186652 36.298420 -63.020595
>
139.229027 35.535797 -18.599775
139.348524 35.609885 -21.593865
139.249099 35.676108 -22.522347
139.229027 35.535797 -18.599775
>
139.340305 35.485394 -18.375781
139.348524 35.609885 -21.593865
139.229027 35.535797 -18.599775
139.340305 35.485394 -18.375781
>
139.136868 35.625249 -19.982981
139.112513 35.506918 -16.642487
139.229027 35.535797 -18.599775
139.136868 35.625249 -19.982981
>
139.050772 36.001022 -31.139737
139.058464 35.862579 -25.601514
139.161974 35.976788 -28.900228
139.050772 36.001022 -31.139737
>
139.094314 35.301178 -3.721243
139.188629 35.254355 -2.974129
139.175370 35.350732 -8.391715
139.094314 35.301178 -3.721243
>
139.265431 35.799926 -25.239484
139.273767 35.930973 -27.100004
139.183847 35.862361 -25.665822
139.265431 35.799926 -25.239484
>
139.213108 36.203955 -47.404382
139.142202 36.103177 -42.573360
139.262791 36.100616 -42.474761
139.213108 36.203955 -47.404382
>
139.027699 35.570309 -17.708567
139.013849 35.459154 -13.692625
139.112513 35.506918 -16.642487
139.027699 35.570309 -17.708567
>
139.356744 35.734377 -24.742031
139.364963 35.858868 -25.699087
139.265431 35.799926 -25.239484
139.356744 35.734377 -24.742031
>
139.275808 36.294931 -62.218536
139.213108 36.203955 -47.404382
139.296326 36.207639 -48.064334
139.275808 36.294931 -62.218536
>
139.142202 36.103177 -42.573360
139.050772 36.001022 -31.139737
139.161974 35.976788 -28.900228
139.142202 36.103177 -42.573360
>
139.213108 36.203955 -47.404382
139.262791 36.100616 -42.474761
139.296326 36.207639 -48.064334
139.213108 36.203955 -47.404382
>
139.273767 35.930973 -27.100004
139.161974 35.976788 -28.900228
139.183847 35.862361 -25.665822
139.273767 35.930973 -27.100004
>
139.229027 35.535797 -18.599775
139.112513 35.506918 -16.642487
139.164258 35.434980 -14.022630
139.229027 35.535797 -18.599775
>
139.136868 35.625249 -19.982981
139.229027 35.535797 -18.599775
139.249099 35.676108 -22.522347
139.136868 35.625249 -19.982981
>
139.013849 35.459154 -13.692625
139.000000 35.348000 -6.080624
139.092091 35.399526 -10.688282
139.013849 35.459154 -13.692625
>
139.000000 35.348000 -6.080624
139.094314 35.301178 -3.721243
139.092091 35.399526 -10.688282
139.000000 35.348000 -6.080624
>
139.356744 35.734377 -24.742031
139.265431 35.799926 -25.239484
139.249099 35.676108 -22.522347
139.356744 35.734377 -24.742031
>
139.332086 35.360903 -12.590385
139.340305 35.485394 -18.375781
139.251082 35.413176 -14.234080
139.332086 35.360903 -12.590385
>
139.348524 35.609885 -21.593865
139.356744 35.734377 -24.742031
139.249099 35.676108 -22.522347
139.348524 35.609885 -21.593865
>
139.265431 35.799926 -25.239484
139.364963 35.858868 -25.699087
139.273767 35.930973 -27.100004
139.265431 35.799926 -25.239484
>
139.364963 36.003060 -31.751009
139.364963 36.147251 -44.711300
139.262791 36.100616 -42.474761
139.364963 36.003060 -31.751009
>
139.364963 35.858868 -25.699087
139.364963 36.003060 -31.751009
139.273767 35.930973 -27.100004
139.364963 35.858868 -25.699087
>
139.251082 35.413176 -14.234080
139.229027 35.535797 -18.599775
139.164258 35.434980 -14.022630
139.251082 35.413176 -14.234080
>
139.112513 35.506918 -16.642487
139.013849 35.459154 -13.692625
139.092091 35.399526 -10.688282
139.112513 35.506918 -16.642487
>
139.175370 35.350732 -8.391715
139.188629 35.254355 -2.974129
139.261843 35.301178 -6.999404
139.175370 35.350732 -8.391715
>
139.094314 35.301178 -3.721243
139.175370 35.350732 -8.391715
139.092091 35.399526 -10.688282
139.094314 35.301178 -3.721243
>
139.340305 35.485394 -18.375781
139.229027 35.535797 -18.599775
139.251082 35.413176 -14.234080
139.340305 35.485394 -18.375781
>
139.161974 35.976788 -28.900228
139.058464 35.862579 -25.601514
139.183847 35.862361 -25.665822
139.161974 35.976788 -28.900228
>
139.364963 36.291443 -61.537110
139.275808 36.294931 -62.218536
139.296326 36.207639 -48.064334
139.364963 36.291443 -61.537110
>
139.249099 35.676108 -22.522347
139.265431 35.799926 -25.239484
139.158002 35.751416 -23.956343
139.249099 35.676108 -22.522347
>
139.043081 35.716444 -22.151598
139.136868 35.625249 -19.982981
139.158002 35.751416 -23.956343
139.043081 35.716444 -22.151598
>
139.262791 36.100616 -42.474761
139.364963 36.147251 -44.711300
139.296326 36.207639 -48.064334
139.262791 36.100616 -42.474761
>
139.136868 35.625249 -19.982981
139.249099 35.676108 -22.522347
139.158002 35.751416 -23.956343
139.136868 35.625249 -19.982981
>
139.112513 35.506918 -16.642487
139.092091 35.399526 -10.688282
139.164258 35.434980 -14.022630
139.112513 35.506918 -16.642487
>
139.175370 35.350732 -8.391715
139.251082 35.413176 -14.234080
139.164258 35.434980 -14.022630
139.175370 35.350732 -8.391715
>
139.092091 35.399526 -10.688282
139.175370 35.350732 -8.391715
139.164258 35.434980 -14.022630
139.092091 35.399526 -10.688282
>
139.158002 35.751416 -23.956343
139.265431 35.799926 -25.239484
139.183847 35.862361 -25.665822
139.158002 35.751416 -23.956343
>
138.927784 35.802458 -24.438357
138.853901 35.725232 -21.716037
138.937301 35.663489 -19.731482
138.927784 35.802458 -24.438357
>
138.835792 35.629054 -18.387368
138.802153 35.529952 -15.656230
138.921669 35.527885 -15.826354
138.835792 35.629054 -18.387368
>
138.596717 35.500632 -16.473381
138.511212 35.476685 -18.228232
138.542143 35.401797 -15.089136
138.596717 35.500632 -16.473381
>
138.927784 35.802458 -24.438357
138.937301 35.663489 -19.731482
139.043081 35.716444 -22.151598
138.927784 35.802458 -24.438357
>
139.186652 36.298420 -63.020595
139.071383 36.288547 -61.777063
139.114867 36.218943 -49.138664
139.186652 36.298420 -63.020595
>
138.809140 36.168908 -48.550662
138.936452 36.172097 -46.532645
138.840845 36.268802 -61.289254
138.809140 36.168908 -48.550662
>
138.809140 36.168908 -48.550662
138.854346 36.080271 -42.227613
138.936452 36.172097 -46.532645
138.809140 36.168908 -48.550662
>
138.542143 35.401797 -15.089136
138.620090 35.411013 -14.098106
138.596717 35.500632 -16.473381
138.542143 35.401797 -15.089136
>
138.680000 35.250000 -7.244700
138.575760 35.266509 -11.621965
138.564695 35.177521 -9.506634
138.680000 35.250000 -7.244700
>
138.596717 35.500632 -16.473381
138.563110 35.591774 -21.192825
138.510798 35.546477 -21.433848
138.596717 35.500632 -16.473381
>
138.802153 35.529952 -15.656230
138.855713 35.437467 -12.785707
138.921669 35.527885 -15.826354
138.802153 35.529952 -15.656230
>
138.209411 35.934184 -53.257993
138.285407 35.951420 -50.422812
138.236311 36.049161 -61.714960
138.209411 35.934184 -53.257993
>
138.842415 35.910271 -28.694095
138.801288 35.808331 -25.239644
138.927784 35.802458 -24.438357
138.842415 35.910271 -28.694095
>
138.236311 36.049161 -61.714960
138.143341 36.001782 -62.898946
138.209411 35.934184 -53.257993
138.236311 36.049161 -61.714960
>
138.840845 36.268802 -61.289254
138.936452 36.172097 -46.532645
138.956114 36.278675 -61.114173
138.840845 36.268802 -61.289254
>
138.543304 36.195721 -60.240983
138.515196 36.085164 -50.558081
138.612446 36.123187 -50.180614
138.543304 36.195721 -60.240983
>
138.510798 35.546477 -21.433848
138.511212 35.476685 -18.228232
138.596717 35.500632 -16.473381
138.510798 35.546477 -21.433848
>
138.436293 36.146131 -59.774493
138.515196 36.085164 -50.558081
138.543304 36.195721 -60.240983
138.436293 36.146131 -59.774493
>
138.511813 35.614459 -25.035400
138.483083 35.672949 -28.963324
138.437497 35.587068 -27.307920
138.511813 35.614459 -25.035400
>
138.921669 35.527885 -15.826354
138.937301 35.663489 -19.731482
138.835792 35.629054 -18.387368
138.921669 35.527885 -15.826354
>
138.927784 35.802458 -24.438357
138.953071 35.937646 -28.043087
138.842415 35.910271 -28.694095
138.927784 35.802458 -24.438357
>
139.043081 36.139466 -44.259174
138.953452 36.053852 -38.984486
139.050772 36.001022 -31.139737
139.043081 36.139466 -44.259174
>
138.665696 35.694537 -22.725977
138.638304 35.599614 -18.941055
138.735116 35.616560 -18.242129
138.665696 35.694537 -22.725977
>
138.936452 36.172097 -46.532645
138.854346 36.080271 -42.227613
138.953452 36.053852 -38.984486
138.936452 36.172097 -46.532645
>
138.665696 35.694537 -22.725977
138.565786 35.671103 -25.380721
138.638304 35.599614 -18.941055
138.665696 35.694537 -22.725977
>
139.043081 35.716444 -22.151598
138.937301 35.663489 -19.731482
139.027699 35.570309 -17.708567
139.043081 35.716444 -22.151598
>
138.236311 36.049161 -61.714960
138.285407 35.951420 -50.422812
138.341535 36.003431 -51.649452
138.236311 36.049161 -61.714960
>
138.565786 35.671103 -25.380721
138.563110 35.591774 -21.192825
138.638304 35.599614 -18.941055
138.565786 35.671103 -25.380721
>
138.638304 35.599614 -18.941055
138.563110 35.591774 -21.192825
138.596717 35.500632 -16.473381
138.638304 35.599614 -18.941055
>
138.638304 35.599614 -18.941055
138.596717 35.500632 -16.473381
138.703398 35.523078 -15.791209
138.638304 35.599614 -18.941055
>
139.058464 35.862579 -25.601514
138.927784 35.802458 -24.438357
139.043081 35.716444 -22.151598
139.058464 35.862579 -25.601514
>
138.565786 35.671103 -25.380721
138.483083 35.672949 -28.963324
138.511813 35.614459 -25.035400
138.565786 35.671103 -25.380721
>
138.469383 35.339182 -15.467678
138.542143 35.401797 -15.089136
138.451376 35.429421 -19.203035
138.469383 35.339182 -15.467678
>
138.855713 35.437467 -12.785707
138.800642 35.368608 -10.091683
138.893333 35.315333 -3.720388
138.855713 35.437467 -12.785707
>
138.893333 35.315333 -3.720388
138.939991 35.411917 -11.005497
138.855713 35.437467 -12.785707
138.893333 35.315333 -3.720388
>
138.956114 36.278675 -61.114173
139.024379 36.219546 -50.028871
139.071383 36.288547 -61.777063
138.956114 36.278675 -61.114173
>
138.786667 35.282667 -4.104785
138.706271 35.361907 -11.733037
138.680000 35.250000 -7.244700
138.786667 35.282667 -4.104785
>
138.638304 35.599614 -18.941055
138.703398 35.523078 -15.791209
138.735116 35.616560 -18.242129
138.638304 35.599614 -18.941055
>
138.706271 35.361907 -11.733037
138.610140 35.335330 -12.585603
138.680000 35.250000 -7.244700
138.706271 35.361907 -11.733037
>
138.500391 35.754218 -31.500039
138.483083 35.672949 -28.963324
138.565786 35.671103 -25.380721
138.500391 35.754218 -31.500039
>
138.559174 35.934682 -38.261923
138.587445 36.026628 -43.429786
138.490437 35.995230 -44.552815
138.559174 35.934682 -38.261923
>
139.027699 35.570309 -17.708567
138.921669 35.527885 -15.826354
139.013849 35.459154 -13.692625
139.027699 35.570309 -17.708567
>
138.236311 36.049161 -61.714960
138.341535 36.003431 -51.649452
138.329282 36.096541 -60.649044
138.236311 36.049161 -61.714960
>
138.665696 35.694537 -22.725977
138.735116 35.616560 -18.242129
138.764612 35.711204 -21.624926
138.665696 35.694537 -22.725977
>
138.341535 36.003431 -51.649452
138.285407 35.951420 -50.422812
138.364350 35.903775 -43.836777
138.341535 36.003431 -51.649452
>
138.735075 35.889154 -30.391717
138.662096 35.962306 -37.185452
138.629772 35.865674 -32.306764
138.735075 35.889154 -30.391717
>
138.529111 35.844207 -34.095363
138.559174 35.934682 -38.261923
138.460877 35.910979 -39.973398
138.529111 35.844207 -34.095363
>
138.735116 35.616560 -18.242129
138.802153 35.529952 -15.656230
138.835792 35.629054 -18.387368
138.735116 35.616560 -18.242129
>
138.329282 36.096541 -60.649044
138.419534 36.048119 -51.551912
138.436293 36.146131 -59.774493
138.329282 36.096541 -60.649044
>
138.543304 36.195721 -60.240983
138.612446 36.123187 -50.180614
138.642484 36.220081 -59.563297
138.543304 36.195721 -60.240983
>
138.610140 35.335330 -12.585603
138.620090 35.411013 -14.098106
138.542143 35.401797 -15.089136
138.610140 35.335330 -12.585603
>
138.404551 35.730771 -33.083171
138.432956 35.823815 -35.877584
138.340016 35.798678 -37.888803
138.404551 35.730771 -33.083171
>
138.598105 35.770168 -29.049492
138.665696 35.694537 -22.725977
138.699091 35.789845 -26.525047
138.598105 35.770168 -29.049492
>
138.341535 36.003431 -51.649452
138.419534 36.048119 -51.551912
138.329282 36.096541 -60.649044
138.341535 36.003431 -51.649452
>
138.629772 35.865674 -32.306764
138.559174 35.934682 -38.261923
138.529111 35.844207 -34.095363
138.629772 35.865674 -32.306764
>
138.735116 35.616560 -18.242129
138.835792 35.629054 -18.387368
138.764612 35.711204 -21.624926
138.735116 35.616560 -18.242129
>
138.404551 35.730771 -33.083171
138.500391 35.754218 -31.500039
138.432956 35.823815 -35.877584
138.404551 35.730771 -33.083171
>
138.340016 35.798678 -37.888803
138.364350 35.903775 -43.836777
138.275481 35.866585 -45.985220
138.340016 35.798678 -37.888803
>
138.735075 35.889154 -30.391717
138.775786 35.998496 -37.025957
138.662096 35.962306 -37.185452
138.735075 35.889154 -30.391717
>
138.500391 35.754218 -31.500039
138.529111 35.844207 -34.095363
138.432956 35.823815 -35.877584
138.500391 35.754218 -31.500039
>
138.855713 35.437467 -12.785707
138.939991 35.411917 -11.005497
138.921669 35.527885 -15.826354
138.855713 35.437467 -12.785707
>
138.490437 35.995230 -44.552815
138.587445 36.026628 -43.429786
138.515196 36.085164 -50.558081
138.490437 35.995230 -44.552815
>
138.612446 36.123187 -50.180614
138.709139 36.151632 -49.595613
138.642484 36.220081 -59.563297
138.612446 36.123187 -50.180614
>
138.432956 35.823815 -35.877584
138.364350 35.903775 -43.836777
138.340016 35.798678 -37.888803
138.432956 35.823815 -35.877584
>
138.529111 35.844207 -34.095363
138.460877 35.910979 -39.973398
138.432956 35.823815 -35.877584
138.529111 35.844207 -34.095363
>
138.703398 35.523078 -15.791209
138.802153 35.529952 -15.656230
138.735116 35.616560 -18.242129
138.703398 35.523078 -15.791209
>
138.642484 36.220081 -59.563297
138.709139 36.151632 -49.595613
138.741665 36.244442 -59.844899
138.642484 36.220081 -59.563297
>
138.662096 35.962306 -37.185452
138.559174 35.934682 -38.261923
138.629772 35.865674 -32.306764
138.662096 35.962306 -37.185452
>
138.610140 35.335330 -12.585603
138.575760 35.266509 -11.621965
138.680000 35.250000 -7.244700
138.610140 35.335330 -12.585603
>
138.444436 35.508245 -23.385956
138.510798 35.546477 -21.433848
138.437497 35.587068 -27.307920
138.444436 35.508245 -23.385956
>
138.364350 35.903775 -43.836777
138.414323 35.971569 -46.068981
138.341535 36.003431 -51.649452
138.364350 35.903775 -43.836777
>
138.953452 36.053852 -38.984486
138.953071 35.937646 -28.043087
139.050772 36.001022 -31.139737
138.953452 36.053852 -38.984486
>
138.665696 35.694537 -22.725977
138.764612 35.711204 -21.624926
138.699091 35.789845 -26.525047
138.665696 35.694537 -22.725977
>
138.706271 35.361907 -11.733037
138.620090 35.411013 -14.098106
138.610140 35.335330 -12.585603
138.706271 35.361907 -11.733037
>
138.419534 36.048119 -51.551912
138.515196 36.085164 -50.558081
138.436293 36.146131 -59.774493
138.419534 36.048119 -51.551912
>
138.775786 35.998496 -37.025957
138.885536 35.995693 -33.764850
138.854346 36.080271 -42.227613
138.775786 35.998496 -37.025957
>
139.043081 36.139466 -44.259174
138.936452 36.172097 -46.532645
138.953452 36.053852 -38.984486
139.043081 36.139466 -44.259174
>
139.058464 35.862579 -25.601514
138.953071 35.937646 -28.043087
138.927784 35.802458 -24.438357
139.058464 35.862579 -25.601514
>
138.921669 35.527885 -15.826354
138.939991 35.411917 -11.005497
139.013849 35.459154 -13.692625
138.921669 35.527885 -15.826354
>
138.460877 35.910979 -39.973398
138.364350 35.903775 -43.836777
138.432956 35.823815 -35.877584
138.460877 35.910979 -39.973398
>
138.842415 35.910271 -28.694095
138.885536 35.995693 -33.764850
138.775786 35.998496 -37.025957
138.842415 35.910271 -28.694095
>
138.741665 36.244442 -59.844899
138.809140 36.168908 -48.550662
138.840845 36.268802 -61.289254
138.741665 36.244442 -59.844899
>
138.542143 35.401797 -15.089136
138.511212 35.476685 -18.228232
138.451376 35.429421 -19.203035
138.542143 35.401797 -15.089136
>
138.542143 35.401797 -15.089136
138.536577 35.320753 -13.429116
138.610140 35.335330 -12.585603
138.542143 35.401797 -15.089136
>
138.937301 35.663489 -19.731482
138.853901 35.725232 -21.716037
138.835792 35.629054 -18.387368
138.937301 35.663489 -19.731482
>
138.500391 35.754218 -31.500039
138.598105 35.770168 -29.049492
138.529111 35.844207 -34.095363
138.500391 35.754218 -31.500039
>
138.451376 35.429421 -19.203035
138.511212 35.476685 -18.228232
138.444436 35.508245 -23.385956
138.451376 35.429421 -19.203035
>
139.114867 36.218943 -49.138664
139.024379 36.219546 -50.028871
139.043081 36.139466 -44.259174
139.114867 36.218943 -49.138664
>
138.699091 35.789845 -26.525047
138.735075 35.889154 -30.391717
138.629772 35.865674 -32.306764
138.699091 35.789845 -26.525047
>
138.802153 35.529952 -15.656230
138.761227 35.445667 -13.699261
138.855713 35.437467 -12.785707
138.802153 35.529952 -15.656230
>
138.598105 35.770168 -29.049492
138.629772 35.865674 -32.306764
138.529111 35.844207 -34.095363
138.598105 35.770168 -29.049492
>
138.510798 35.546477 -21.433848
138.511813 35.614459 -25.035400
138.437497 35.587068 -27.307920
138.510798 35.546477 -21.433848
>
138.735075 35.889154 -30.391717
138.842415 35.910271 -28.694095
138.775786 35.998496 -37.025957
138.735075 35.889154 -30.391717
>
138.444436 35.508245 -23.385956
138.511212 35.476685 -18.228232
138.510798 35.546477 -21.433848
138.444436 35.508245 -23.385956
>
138.741665 36.244442 -59.844899
138.709139 36.151632 -49.595613
138.809140 36.168908 -48.550662
138.741665 36.244442 -59.844899
>
138.500391 35.754218 -31.500039
138.565786 35.671103 -25.380721
138.598105 35.770168 -29.049492
138.500391 35.754218 -31.500039
>
138.598105 35.770168 -29.049492
138.699091 35.789845 -26.525047
138.629772 35.865674 -32.306764
138.598105 35.770168 -29.049492
>
139.027699 35.570309 -17.708567
138.937301 35.663489 -19.731482
138.921669 35.527885 -15.826354
139.027699 35.570309 -17.708567
>
138.953452 36.053852 -38.984486
138.885536 35.995693 -33.764850
138.953071 35.937646 -28.043087
138.953452 36.053852 -38.984486
>
138.596717 35.500632 -16.473381
138.686936 35.443502 -14.166327
138.703398 35.523078 -15.791209
138.596717 35.500632 -16.473381
>
138.598105 35.770168 -29.049492
138.565786 35.671103 -25.380721
138.665696 35.694537 -22.725977
138.598105 35.770168 -29.049492
>
138.703398 35.523078 -15.791209
138.761227 35.445667 -13.699261
138.802153 35.529952 -15.656230
138.703398 35.523078 -15.791209
>
139.050772 36.001022 -31.139737
138.953071 35.937646 -28.043087
139.058464 35.862579 -25.601514
139.050772 36.001022 -31.139737
>
138.735075 35.889154 -30.391717
138.801288 35.808331 -25.239644
138.842415 35.910271 -28.694095
138.735075 35.889154 -30.391717
>
138.364350 35.903775 -43.836777
138.285407 35.951420 -50.422812
138.275481 35.866585 -45.985220
138.364350 35.903775 -43.836777
>
138.699091 35.789845 -26.525047
138.801288 35.808331 -25.239644
138.735075 35.889154 -30.391717
138.699091 35.789845 -26.525047
>
138.764612 35.711204 -21.624926
138.801288 35.808331 -25.239644
138.699091 35.789845 -26.525047
138.764612 35.711204 -21.624926
>
138.786667 35.282667 -4.104785
138.800642 35.368608 -10.091683
138.706271 35.361907 -11.733037
138.786667 35.282667 -4.104785
>
138.487390 35.248942 -13.022405
138.536577 35.320753 -13.429116
138.469383 35.339182 -15.467678
138.487390 35.248942 -13.022405
>
138.936452 36.172097 -46.532645
139.024379 36.219546 -50.028871
138.956114 36.278675 -61.114173
138.936452 36.172097 -46.532645
>
138.662096 35.962306 -37.185452
138.587445 36.026628 -43.429786
138.559174 35.934682 -38.261923
138.662096 35.962306 -37.185452
>
139.000000 35.348000 -6.080624
138.939991 35.411917 -11.005497
138.893333 35.315333 -3.720388
139.000000 35.348000 -6.080624
>
138.620090 35.411013 -14.098106
138.686936 35.443502 -14.166327
138.596717 35.500632 -16.473381
138.620090 35.411013 -14.098106
>
138.801288 35.808331 -25.239644
138.853901 35.725232 -21.716037
138.927784 35.802458 -24.438357
138.801288 35.808331 -25.239644
>
138.893333 35.315333 -3.720388
138.800642 35.368608 -10.091683
138.786667 35.282667 -4.104785
138.893333 35.315333 -3.720388
>
138.564695 35.177521 -9.506634
138.575760 35.266509 -11.621965
138.487390 35.248942 -13.022405
138.564695 35.177521 -9.506634
>
138.706271 35.361907 -11.733037
138.800642 35.368608 -10.091683
138.761227 35.445667 -13.699261
138.706271 35.361907 -11.733037
>
138.511813 35.614459 -25.035400
138.563110 35.591774 -21.192825
138.565786 35.671103 -25.380721
138.511813 35.614459 -25.035400
>
138.515196 36.085164 -50.558081
138.587445 36.026628 -43.429786
138.612446 36.123187 -50.180614
138.515196 36.085164 -50.558081
>
139.043081 36.139466 -44.259174
139.024379 36.219546 -50.028871
138.936452 36.172097 -46.532645
139.043081 36.139466 -44.259174
>
138.775786 35.998496 -37.025957
138.685322 36.059199 -43.218466
138.662096 35.962306 -37.185452
138.775786 35.998496 -37.025957
>
138.612446 36.123187 -50.180614
138.685322 36.059199 -43.218466
138.709139 36.151632 -49.595613
138.612446 36.123187 -50.180614
>
139.071383 36.288547 -61.777063
139.024379 36.219546 -50.028871
139.114867 36.218943 -49.138664
139.071383 36.288547 -61.777063
>
138.419534 36.048119 -51.551912
138.490437 35.995230 -44.552815
138.515196 36.085164 -50.558081
138.419534 36.048119 -51.551912
>
138.575760 35.266509 -11.621965
138.536577 35.320753 -13.429116
138.487390 35.248942 -13.022405
138.575760 35.266509 -11.621965
>
138.764612 35.711204 -21.624926
138.853901 35.725232 -21.716037
138.801288 35.808331 -25.239644
138.764612 35.711204 -21.624926
>
139.013849 35.459154 -13.692625
138.939991 35.411917 -11.005497
139.000000 35.348000 -6.080624
139.013849 35.459154 -13.692625
>
138.706271 35.361907 -11.733037
138.686936 35.443502 -14.166327
138.620090 35.411013 -14.098106
138.706271 35.361907 -11.733037
>
138.761227 35.445667 -13.699261
138.686936 35.443502 -14.166327
138.706271 35.361907 -11.733037
138.761227 35.445667 -13.699261
>
138.709139 36.151632 -49.595613
138.765713 36.092578 -43.816769
138.809140 36.168908 -48.550662
138.709139 36.151632 -49.595613
>
138.559174 35.934682 -38.261923
138.490437 35.995230 -44.552815
138.460877 35.910979 -39.973398
138.559174 35.934682 -38.261923
>
138.835792 35.629054 -18.387368
138.853901 35.725232 -21.716037
138.764612 35.711204 -21.624926
138.835792 35.629054 -18.387368
>
138.341535 36.003431 -51.649452
138.414323 35.971569 -46.068981
138.419534 36.048119 -51.551912
138.341535 36.003431 -51.649452
>
138.404551 35.730771 -33.083171
138.483083 35.672949 -28.963324
138.500391 35.754218 -31.500039
138.404551 35.730771 -33.083171
>
138.809140 36.168908 -48.550662
138.765713 36.092578 -43.816769
138.854346 36.080271 -42.227613
138.809140 36.168908 -48.550662
>
138.275481 35.866585 -45.985220
138.285407 35.951420 -50.422812
138.209411 35.934184 -53.257993
138.275481 35.866585 -45.985220
>
138.460877 35.910979 -39.973398
138.414323 35.971569 -46.068981
138.364350 35.903775 -43.836777
138.460877 35.910979 -39.973398
>
138.490437 35.995230 -44.552815
138.414323 35.971569 -46.068981
138.460877 35.910979 -39.973398
138.490437 35.995230 -44.552815
>
138.953071 35.937646 -28.043087
138.885536 35.995693 -33.764850
138.842415 35.910271 -28.694095
138.953071 35.937646 -28.043087
>
138.761227 35.445667 -13.699261
138.800642 35.368608 -10.091683
138.855713 35.437467 -12.785707
138.761227 35.445667 -13.699261
>
138.612446 36.123187 -50.180614
138.587445 36.026628 -43.429786
138.685322 36.059199 -43.218466
138.612446 36.123187 -50.180614
>
138.510798 35.546477 -21.433848
138.563110 35.591774 -21.192825
138.511813 35.614459 -25.035400
138.510798 35.546477 -21.433848
>
138.469383 35.339182 -15.467678
138.536577 35.320753 -13.429116
138.542143 35.401797 -15.089136
138.469383 35.339182 -15.467678
>
138.419534 36.048119 -51.551912
138.414323 35.971569 -46.068981
138.490437 35.995230 -44.552815
138.419534 36.048119 -51.551912
>
138.685322 36.059199 -43.218466
138.587445 36.026628 -43.429786
138.662096 35.962306 -37.185452
138.685322 36.059199 -43.218466
>
138.703398 35.523078 -15.791209
138.686936 35.443502 -14.166327
138.761227 35.445667 -13.699261
138.703398 35.523078 -15.791209
>
138.854346 36.080271 -42.227613
138.765713 36.092578 -43.816769
138.775786 35.998496 -37.025957
138.854346 36.080271 -42.227613
>
138.854346 36.080271 -42.227613
138.885536 35.995693 -33.764850
138.953452 36.053852 -38.984486
138.854346 36.080271 -42.227613
>
138.685322 36.059199 -43.218466
138.765713 36.092578 -43.816769
138.709139 36.151632 -49.595613
138.685322 36.059199 -43.218466
>
138.610140 35.335330 -12.585603
138.536577 35.320753 -13.429116
138.575760 35.266509 -11.621965
138.610140 35.335330 -12.585603
>
138.775786 35.998496 -37.025957
138.765713 36.092578 -43.816769
138.685322 36.059199 -43.218466
138.775786 35.998496 -37.025957
>
138.437497 35.587068 -27.307920
138.483083 35.672949 -28.963324
138.404551 35.730771 -33.083171
138.437497 35.587068 -27.307920
>
138.680000 35.250000 -7.244700
138.564695 35.177521 -9.506634
138.642000 35.106100 -3.484994
138.680000 35.250000 -7.244700
